0.3520996419755166
0.3034963998199288
-1.2394951427989067
0.39821623793042055
-0.22859733849899283
-0.05309906511804173
0.12348928871306504
-2.62949187182726
0.24550727118625587
-0.2367319533916091
0.6151156181199078
0.22752529705629315
0.2545666953713836
0.29139410220847173
0.3312454885459619
0.19910408909969207
0.4423814695895361
0.48672871207954616
0.4728458342813763
-0.9500418523696295
0.046812574553224885
0.5378501211626752
0.5849202000533639
0.696116963605413
-0.3151018788426351
-0.127736916281815
0.3534723265830498
0.06852576867114732
0.17432296472283992
0.29998187328544873
0.4092924537514243
-0.36270344062560583
-0.10691304972972966
0.30659701768329006
0.29420618206178445
0.02801623080828438
-0.3800715190849696
-0.2949603180371376
0.08986690432115732
0.25199438751350467
-0.7119836940448018
0.23028494749747783
-0.15360210487320836
0.00031105380116454306
0.18612521271784613
-0.7048218930909167
-0.12404768901654228
-0.10402874713180477
0.2042420967299603
0.22107965287766373
0.2315033971095733
0.4186472514465886
-0.5072019772179459
0.1994477069748512
0.15573661714485298
-0.4039565733198095
-1.4015221471144597
0.2625368366119834
-0.13570720655772975
-0.07067212396010374
0.7466256648074073
-0.0757321755531081
0.2705547390632986
-0.13823078965850738
0.6440498362778712
0.36736226379979714
0.2805740857331325
-0.07472144192227585
0.16777120451843122
0.11326641894376158
0.21150739230097565
0.08474428557941178
0.1291959052565089
0.41852828346119403
-0.1597571334951025
0.10439091517555166
0.4197135766841633
0.6666630043977161
0.32266434006265254
-0.028258067078425188
-0.3943803817530841
-0.5994375755059884
0.09856185825614767
-0.22782838143925446
0.20510559941085882
-0.3886187304337299
0.2949425841015864
-0.7186105324555943
-0.16174516107849418
-0.34223779994835735
0.09905844359931316
-1.5715946232869826
0.10039304466717125
-0.09253104212967762
0.048390833589507506
0.08487841658645859
0.2640191548407892
0.27772861553231926
-0.03670388523720476
-0.22246946965018757
0.14656092210871757
-1.5214306028706408
-0.386878461052342
-0.2268709029565764
0.2541015192281621
0.01202242853895866
-1.165488714567584
-0.010331031947096132
-0.04012266781722905
-1.2649861033267567
0.11378322740698914
-0.05383539763684646
0.23777844273883164
0.24120725932682072
-0.3497552691216086
0.3683392275605724
-0.05625608265451757
0.0422586671817408
-0.1450677521388986
-0.7078195461851962
0.4588156346424731
-0.42528926409686535
0.05520120491395021
-0.3694808919643422
-0.13480768936758766
0.24399842447623815
0.10326356412516549
0.39681170517648867
0.1299981098563308
0.4093443161253553
0.0841526603210965
0.008213023207970217
-0.2595455136416496
0.0720692069805208
0.7094021432959825
-0.175858010237729
-0.14277522671475062
-0.0029199844728419857
0.17265171534852589
0.09436229596489684
0.08390326920311726
-0.2756191652471247
0.10200537209833489
0.37637932505038935
-0.926022017324106
-0.09261806869848897
0.38165351252903185
0.40209506208521184
-0.0991524985080384
0.3442234405736622
-0.11655892520616777
0.3632802430311052
0.28048179244977806
0.1023844237893127
0.20195704666525266
0.22562287954942536
0.5098945313148622
0.4788593370272972
0.11405863002260863
0.19688181879900635
0.31691137446020134
0.8992396548617261
0.19975725086825236
0.011749070994372269
0.07094657835339366
0.2099983748412307
-0.15274700451838955
-0.00691295597771141
0.02430590200351963
0.36025912803527416
0.22163412009825337
-0.735962533795125
-0.06891210748092577
0.3801900172017853
0.12353842418067104
0.39864901098191047
0.4061622737658771
0.32678896457676443
-0.44851638895354984
0.2411705597786371
0.04650173387086102
-0.06286746104262778
-0.571225130132491
-0.38167220876613916
-0.297264683793177
0.09853035070821992
0.07513761612491976
0.21608010000157646
0.1262774169665878
-0.3396372302332974
0.11021539943770553
1.123916218235203
0.2466464752366075
-0.06187103582203575
0.587019336008163
0.15122787128183718
-0.2594512435958782
-0.25995236036463587
0.02150920739701253
0.19534344309588297
0.10788501521580293
0.20938138479372997
0.22641523058516558
0.14388897265395925
-0.11256700945494229
0.21003589018009544
-0.2724326870416497
-0.14719276212709992
0.7167020496200561
0.3200553747917829
0.06467846077569797
0.4252000108518496
0.20603540152913732
-0.08773601853273663
0.24800231547510646
0.3078964006309874
0.1612710271721858
0.20619501200631757
0.08232148780676415
0.36705446323365093
-0.07972121648158946
0.156437146246636
0.1934455004193678
0.5146944403635706
0.24296155063957053
0.3588706233911992
-0.7263867542131764
0.056167225526201334
0.0681264276590802
-0.09697003116142058
-0.22322976725746466
-0.14449422666591277
0.15411252335629239
-0.1406696375245885
0.4147071574892979
0.23114335192854152
-0.8196795983254027
0.2691336914956686
0.33918674499646373
-0.6928799512895838
0.11924092081185175
0.3643601820459766
-2.104366276930617
1.205950401196929
0.0779951873751849
0.008685650492941394
-0.20923168403633147
-0.907189509601982
-0.2700144972280971
0.303728212280011
0.16859852975158718
-0.5655074786011423
0.20995317401011912
0.060136470341152236
0.5297405382803948
0.33902449297092646
0.07698695752124814
0.02428447069390236
0.5576375686013084
-0.1176976530685647
0.15003709158873443
-0.34799133606081434
0.0422586671817408
-0.22055495656158083
0.2637384873332781
-0.10700599374595547
0.20900577577969898
-0.03240532237382389
-0.013175423317418028
-0.3460118795149048
0.3842513519431427
0.17977207040433682
0.11281486644905954
0.3484974335699583
-0.2075730442239506
0.32883017653068725
-0.3752240015623832
0.12516906598074415
0.21146266022790133
0.5976528547631969
-0.6111901930776344
0.19873400467792804
0.26758252297762575
0.2486617453520407
0.1622391107127517
0.2902752341816077
0.12942499656009362
0.20648488659937025
0.2599462956112487
0.2990068588365228
0.2382632392341073
0.2656059375143736
-0.3870797592943484
-0.064209297862446
-0.38187719076301174
-0.3704702234657823
-1.2143316765818186
0.1447313463574582
0.017673331845806814
0.2637494390978568
-0.15459797761514174
0.17752262994433235
0.6880613531269325
0.13374189094303707
0.1264638811937678
0.5617670657791206
0.08206992295468671
0.07051366337143813
0.24300674411491424
0.09748669191515727
0.07914441381293755
0.2222663359603299
0.34637520882847667
-0.11604285786315358
0.1443018057870717
-0.4338961148816252
-0.2178837292714512
-0.6476616421772091
0.1854588159231475
0.31113088444257775
-0.06215224681056493
0.045380457902761205
-0.08361940055579749
-0.03856455601980748
0.16088596947310246
0.06206625247371196
0.36519332929198167
-0.02331158119980369
0.12106075383720738
-0.21538674836042979
0.24173837332041823
-0.07358732375713245
-0.4878201365621564
0.32769801935200216
0.3287064911718257
0.2752397437589875
-5.321302766493341e-05
0.40052289310428824
0.281497024632952
0.3147260187596566
0.2296736305616708
0.04457177378369108
-0.08319054378901267
0.42342353265277016
-0.03735671309882886
-0.18743541839561753
0.2637569465894139
-0.4843244529454928
0.12300521126305172
0.12109365083776262
-0.1832267502708894
-0.06562589794681212
-0.011714378545411776
-0.2515165282199505
-0.525108333530927
-0.4142826741413973
0.2741233505747627
0.07707766881069317
0.07442992776914839
0.19829311380389925
0.15351481045733814
-0.17528644221649184
0.345722006742346
0.21615215927601472
-0.06678924670633708
0.192748040522369
0.39739578491677097
0.035741651500877
0.140319829420427
0.3230326994209355
0.08939400794925986
0.4422267293403676
0.24882791957405961
-0.0007202791603158213
-0.5863062760800736
0.28636134874601105
-0.07440440004683477
-0.018888921198471697
0.024789274828602065
0.1590437383134334
0.3233545353571491
0.14985488379228917
0.4102035337572333
0.2068584039045885
0.20858107303053677
0.11288278223589983
0.19522987177109186
0.13824215166439066
0.2544423464041493
0.33075586191585715
-0.09133612411532113
0.2642461993746002
0.8852323589006647
-0.15445159191024777
0.034582122659804836
-0.5364274487391023
0.5726921016277287
-0.03434005298536251
-0.10730640113067832
-0.2826038625567223
0.13511405065442
0.34821266311824434
0.2657637986218017
-0.044422427970858144
-0.3025167833264412
-0.422305361700252
0.13274581024072896
0.1344871301664368
0.16094992137949682
0.39355722622447653
0.1313155539963359
0.07337877112770236
0.21919496613055686
-0.31897783809049485
-0.386878461052342
-0.006869008354585535
-0.07289663927586446
0.009460054425267046
0.022360122843879116
0.0830046572718038
0.42001949449980114
0.10548893089613143
0.4705902780845338
0.18517025689355188
0.008555076617021701
0.0422586671817408
0.4884101105170746
-0.03240532237382389
0.303728212280011
-0.11177213754726549
-0.2227985669463647
0.33682998449389834
0.1023844237893127
-0.032404433810377505
0.4158903046542555
-0.049061677047866056
0.09539683465245978
-0.15335091434893672
0.03381340467275655
0.1558524749895338
0.09403933772889043
-0.183832573371902
-0.20275347387095372
0.5916105561011453
-0.16518638838724692
-0.0076865732794431625
0.24773444644299944
0.14618799145041392
0.013521689345721288
-0.08450835147952585
0.20249838185282285
-0.42797878229225306
0.1955279391210149
0.19347190122623853
0.44708291853838034
0.5424079156948874
-0.06997396565772478
0.34075529500500135
-0.6178516824399968
-0.25448195937975204
0.2616325802343348
-0.03146964116812169
-0.17195526542237233
0.21674417949138566
-0.00252177771483873
0.2546930592183393
0.2685942650139312
0.12855131624771818
-1.8311846708383837
0.3682936587854627
-0.002128109202402623
-0.9163675363225032
0.4332682638228258
0.068247786103624
-0.6802421694042706
0.17362076922935848
-0.10050823649379517
0.10631249627571507
0.21802943605996114
-0.4054352503702279
-0.9819817827868565
0.13613774006473442
0.34821266311824434
-0.41919521215089856
0.14401852968860704
-0.2100497452218138
0.1346059431521021
0.061944499632946216
0.33390076701432975
0.3679955214155572
-0.23647287692968474
1.123916218235203
-0.1126677682095811
0.3481354086953065
0.08615392648257532
0.20456284483868997
0.36348919851344064
0.44249144628785897
-0.30433139424464134
-0.3652458396382375
0.47481625675451855
0.16824010565915984
0.20346600609336943
0.2505474225088439
0.7360107726928702
0.030272171492104503
0.19421518107954233
-0.2107947351891525
-0.019428028352008596
-0.1735954643063239
-0.2681186391546174
0.15043635397895788
0.19580313969380175
0.2861690352390217
0.13906049185576
0.031050763892845095
-0.15933431680622348
0.13231425596041527
0.05727139395454709
0.3805885445251773
0.10035116289335944
0.1996010510530023
-1.2131090925517154
0.27564212826673484
0.24414270611173094
0.07759476031510168
0.37487646133597796
-0.2268709029565764
0.02927105277208955
0.3722578649937134
0.03281298000807353
0.2392048096588444
0.02381667721135381
0.3149628390222588
0.0520128689945021
-0.17901661234566338
-0.507252584201315
0.3643003283097271
0.6678587237684608
-0.025045828066049304
0.2530607389144994
-0.24223443430181027
0.03957537753197019
0.508731320140161
-0.5532634394136872
-0.4594575999097767
0.05850775977522922
0.14422681259521836
0.325541131418848
-0.0025484804297562502
0.0898285106210609
-0.6189504025272854
0.2299557022324324
0.044586739377281644
0.33337231208428053
0.30364012009631935
-0.1977073374045691
0.31584483037724637
0.17195299550445206
-0.03240532237382389
0.4058755479536468
-0.015503096403636996
0.3712590477293186
-0.1007338388715536
-1.4002361394144567
0.16739722298884455
0.31374631204383435
0.13956713017044337
0.31452192317827826
0.008671458151888804
0.23521483027931794
-0.1654453154396868
0.3910367093046294
0.08526730780727484
0.3945713900936024
0.37841886568099214
-0.13062506189503129
0.09489656447009559
-0.7018356414188541
0.291711897196306
-0.20118176740469887
-0.20097333660801642
0.46179187802836863
0.3964311381412486
0.36592442413798565
0.09655341825814233
-0.06616999903077572
0.37966657452076075
-1.071140061342427
-0.1894129359008189
-0.04339036559114202
-0.08068604279253845
0.0025708857903327387
-0.38898864075217204
-0.054652379602938804
-0.7671230521878863
-0.4760112892061953
0.017899115818547105
-0.03240532237382389
-0.03015950727451075
-1.2386648431727403
-0.2569399759276296
0.26353072191426685
-0.06284741893136214
0.11021539943770553
0.15091104248825976
-0.046435909021800684
0.1778060000812831
-0.022423041504077507
-0.9389214005944803
-0.5424802815962622
0.9187170345157764
0.21774311597378312
0.08511099715541941
0.4910541372668275
-0.06090865848680673
0.2971146405750352
0.09880205729860833
-0.5526552221823716
0.2801314975838519
0.7457444475751867
0.33248771406800404
0.5502058493121328
-0.22885701447611767
0.27044837766534735
0.34269197751705277
0.07282435825561435
0.24067840265100765
0.3515101394519592
0.3642782014580625
0.3679257413078381
0.26216465287814084
-0.09250953158899007
0.04512327169526109
-0.7411886117370058
-0.1487153915702685
-0.010928149059119601
-0.08464966622746747
0.31693487487652056
0.6417651031563241
-0.20527855053722352
0.05169641326377239
0.4227830912766148
-0.17926616129872036
0.2838685995931614
-0.11839609046943134
0.303728212280011
0.2011219380338118
0.2601986386760484
0.32516331192249004
-0.6422914515907288
-0.28300869710578713
0.29531552604497385
0.4368243234662518
0.4378511448103325
-0.13269838418228141
0.24708309393298253
0.018163853874299755
-0.10074289987631715
0.4103176452733769
0.6986269994651402
-0.11993756072237179
-0.01508632531342986
0.2589256331239835
-0.7912483360802207
-0.010040647245491263
-0.1699394276449166
0.20745610308073809
0.07628492354258236
0.4423814695895361
-0.32592926746345097
0.4331528803867271
-2.499075361390981
0.08541579966151511
0.23542035268936895
-0.2826038625567223
-0.18555561968798656
-0.31816927447984955
0.2565001434631305
0.11451727984441193
-0.9776562719570666
-0.3037250526890106
-0.6053975252922591
0.30190246453746683
0.005929599054952684
0.3207545637286799
0.2448493441209155
-0.923022396153903
0.2918610854399162
0.3578944965555525
0.21885683254859795
0.16824010565915984
0.23313752220291542
0.3243277975928762
-0.9745331812508213
-0.9805602998048071
0.4758523193369319
-0.16942811310607686
-0.08641213296456766
0.43140537468777607
-0.19917527687987707
-0.30981940912106204
0.10910886942253586
0.0025708857903327387
0.3752500473897874
-0.10595145640858568
0.15655960277850894
-0.6842541840098396
0.34189928325926616
-0.10352315333753388
0.3718501910059543
0.2222663359603299
-0.6478266399020318
-0.3717007429966117
0.8992396548617261
0.008598914309182415
0.25932831780331167
-0.10179653541344855
-0.29999756837594926
0.32159004940334807
0.2004147043536774
0.22243788779759543
-0.15807282865196812
-0.17809910752520502
-0.08460381208649423
0.023850703363149893
-0.022745828519481898
-1.177475029437591
0.02014279465765003
0.128055723588385
0.4076727212617495
0.085190537181495
0.28717429616061435
-0.12741990513308682
-0.008494952157280716
0.012252773971340076
0.022015597164209474
-0.006484738300338156
0.1484197897597393
0.4920980596649896
0.1786113292459464
-0.9164664838997914
0.11303851951528383
0.1978047188566742
-0.16128464207925167
0.3993381927074974
0.39442111032519084
0.010574316308234688
0.37188126596378346
0.3358866949870673
0.197781020784971
-1.6147701107921872
0.1193563053050648
-0.14727203564759828
0.020741907829440832
0.07494754219233613
0.08089162673866342
0.07135385533801454
-0.494446474011617
0.22715233414549388
0.18227404284456453
0.09425242192344932
0.03005526901275159
-0.6677127646408255
0.047607542252834346
-0.6677759626790184
0.2676162419604047
0.2953779437562484
0.3034963998199288
-0.03240532237382389
0.07676761140279066
-0.18137022366605832
0.08994464376764907
-0.020334937652712
0.14059082385039265
0.22368846253098393
0.4208850383889022
-0.06734100624420615
0.6248345377736997
-0.03240532237382389
0.42327098605132674
0.11922349551433704
0.2166311334876788
0.3404662366086213
-0.12882991814240502
-0.008933038355329399
-0.06852830009037955
0.18364300927443516
0.408851524545927
0.18111326860241203
0.06559896358085482
0.03893784178070618
0.12517862486772197
0.510330052474769
-0.5185107020530405
0.3452556346225425
-0.11901330991194947
0.2525204943940034
-0.03240532237382389
0.22360547157215116
0.016476146756291932
0.09553107072659994
0.4089366888215794
0.3174308830863849
-0.2494872939209098
-0.8735915751424024
-0.5863062760800736
0.4602465758751449
-0.008586160315647845
0.275687893204489
-0.07224080848932671
0.04671509308328385
0.19252802895120474
0.2680476752736841
0.17701266372310712
-0.5108779928310028
0.17838199141366115
-0.3932574365277949
-0.6562500070499462
0.18536745850181585
0.10465561813344271
-0.08844385683235156
-0.11839609046943134
0.26694284321050216
0.5216795634595982
0.34965546206869863
-0.22833596255416974
0.26733451580974876
0.06584378830652278
0.2639581202646134
0.16356474766783835
0.17237856318416775
-0.29642630619885924
0.17499596203860768
-0.048621119847578186
0.24800231547510646
0.47898020516088236
-0.25234328994456934
-0.8621158943718734
-0.4395040943967909
0.13356678591609564
0.23975291246426508
0.28425554309651063
0.028287083321510177
0.34006335665496334
0.09660886939621612
-0.5348049667759878
0.32159004940334807
-0.6111901930776344
0.2930974386398349
-0.6956456412153161
-0.2037923699075185
0.017767860879693544
-0.206165036339852
-0.3052381761993309
-0.5442136747393163
0.34870237456010156
0.33834415524257433
0.30235055622086604
-0.15804751592779698
0.1556817515514552
0.4103176452733769
0.31727886793796944
-0.1190960719724568
-0.764516789949045
0.08478279922567775
-1.4318011793073353
0.1345399777140404
0.123692280302663
0.1975699952020804
0.19791779679851246
0.4000185495173117
0.4020078463634683
0.2287156357591197
0.317158393312279
0.09376546903539376
0.1631356351784782
0.24425694172661266
0.1920877543224253
0.303728212280011
-0.545679462343603
-0.7180455429362559
0.3700059469723403
-0.011363378049015882
0.11199611328089472
-0.8437773995201532
0.11922349551433704
0.05374875194559655
0.3053797987718783
-0.5658594436085586
0.15953055790811654
0.6818945964916802
0.5151684784188795
-0.6289238959549049
0.097670680966949
0.3674015909512255
0.3515101394519592
0.038881472310138984
-0.1569029041650441
-0.057433927201094095
0.09395513278428734
-0.15017852940570986
-0.6291898682324306
-0.025047106665469148
0.2686834499448497
0.2878388139165481
0.5585507149269746
-0.1873987103964441
0.2868820236096547
0.2507481853092085
0.1130826793922474
-0.6714432374015594
-0.19915897098156637
0.39548238370482225
0.3546353423557732
0.35092461304031
0.19441069918355494
0.2530607389144994
0.15400852708731644
0.12188865232657746
-0.09491265226018938
-0.05242768942520328
-0.8022514625433477
-0.5617668067469337
-0.0937987017825986
-0.3668642315353602
0.02818414089738362
0.3801774314250719
0.330927348588704
0.12620289800678178
0.016133892935004907
0.1619173757234158
0.28584368120691334
0.5472462526757067
-0.6324882683142302
-0.5015206539664158
0.43439858458246433
0.3380457156224506
0.30414659122531457
0.37676722843907673
0.17964853093579358
-0.014716623903264392
0.001189856482334654
0.10782534792188056
0.2358965397222293
0.14887795199827392
0.5951072644236557
0.03745273917553341
-1.238038505298046
-0.07224838160759062
0.16172125674769122
-0.22078895647012792
-0.0029199844728419857
0.2448592284776691
0.47471898056209527
-0.02955279571694338
0.21665395719882122
0.26498599098535525
0.29246570668898697
-0.19140402937090917
0.031050763892845095
0.18151599540777572
0.029901367252613414
0.10106529683771956
0.22267945600158984
-0.2323328291865164
-0.5442136747393163
0.1635171173591781
0.20335844897698493
0.009041151748565684
0.3091176686364182
0.3942708513582637
0.3128586176609255
0.37821386598829
0.34618726203164457
0.004394909575966532
0.02884296404544575
0.24054279365714154
-0.1331083192125915
0.3431168132123742
0.36446516923116895
0.08693627332272176
0.29078359295300904
0.0003187797585074481
-0.29873842578365944
0.5464144162430077
-0.544588144934767
0.2753166084423322
-0.5248133260942429
0.302103383586748
-1.1448561848635697
0.25408030981221735
0.091169550581486
0.22647002160340574
0.11325505354940757
-0.029789621541417833
0.13547336640962215
-0.008319454130305392
0.2621415807528969
0.25854120404188163
