-0.0759903040071421
-0.1150878012529906
0.273420198169621
0.38445353773295426
0.24401529963598073
0.142313220389265
0.1582805256814584
-0.0020385228567495082
-0.16878740897222536
0.2638783072883788
0.08887647797650085
0.15346925975786455
-0.35392740202722145
0.3357665796658515
-0.32036466077035
-0.018783247400299886
0.10571337110277348
0.47809243976048377
0.296611382759559
0.060145738117276415
-0.4403483426239047
0.167805564090248
-0.5965994375857534
0.23583657612418962
-0.1035406153482629
0.14807288750028155
-0.07403270870117487
-0.2212439408340215
-0.12464240336358412
0.4070500439046697
-0.0633302758002447
-0.6243149781599004
0.08356653565700171
0.48192204824672424
0.12384806951800602
0.5716423112867464
0.18707674098538157
0.1149378106191266
-0.5158296488195381
0.15614846487846573
0.10604976430214137
0.06156897127089389
0.19338706050288054
0.17968836414291714
0.24816460804770207
-0.20208119401009172
-0.09141854332737856
-0.12399457542403573
-0.26198334955850244
-0.010927485036909367
-0.25361225012420513
0.18586615858633643
0.07210657696823909
-0.15669247681251602
-0.003962106405309132
-0.1403399869989787
-0.29068043710691577
0.06665713928029673
0.25498227747900365
-0.05282413509671717
0.14296773365695217
-0.12489751522620729
-0.5264966293457529
0.03956351337092803
0.6025186899979257
-0.866067198023015
-0.13513028418643686
-0.7205648600691973
-0.18281439520052517
-0.054621635688016125
0.23953844398046037
0.09203292870408193
-0.08160545614589339
-0.14409590349703716
-0.4189960777280922
-0.3518122730421569
0.2901978504096843
0.17952787505339285
0.16364674471773627
-0.0405188813118343
0.22608410786643313
-0.13196139122065378
0.12577185148554015
-0.012048656770188631
0.25145540551487755
0.24939720112040847
-0.3805453639207216
-0.13757703259050436
0.02923495818253863
0.03242504249644904
-0.3854449666992694
0.006418961588026817
-0.050111457542184656
-0.7105050778107456
0.3313132973033867
0.2852989848680397
-0.49474707989212396
-0.10366955691059902
0.07802017759103695
-0.42054967327864246
-0.8476696333277429
-0.03804165708001775
-0.6582763864225638
-0.38868828876399986
0.11105466390129429
0.16820128902426965
-0.459528123728809
-0.33706503623628303
-0.1246022557331908
0.12086864937578876
0.10823532358631112
-0.10479923935503935
0.247874502783406
-0.15756958937995114
0.4886449750963829
0.040239875982366356
-0.6651712557960601
0.924174794907799
-0.09923010252618754
-0.3686601304280911
-0.6005746094680042
-0.20778422023928736
0.07649358576682223
0.06486741834780799
0.4665409133652648
0.3374569284643701
-0.12694098218580602
-0.5246982343039079
-0.13974581594493318
-0.009954178465977176
-0.020515975056699776
-0.1351807896583171
0.07263794190388147
-0.9859914334950799
0.042019208308542465
-0.05638093246599041
0.20259837852962273
0.4369009561844841
0.2871615454865052
-0.22380605733932782
-0.7238489347146839
-0.0881985195771722
-0.13707260038593588
0.07382620495291138
-0.12427595366281523
-0.6751775571291664
0.378974012568048
0.25435428325852866
0.053325791711126794
0.14007239044955225
0.05774173708196034
0.02628747275656273
0.41617297649768326
0.07034426732772883
0.01713709305000579
0.12008098202919248
0.2813701419211758
0.18155773652961482
-0.08742783792816505
-0.4894441778109516
0.05670808394346529
-0.04550725623786673
0.13064334815253872
-0.24728956813060812
-0.4576092051875045
-0.07834314195881975
-0.0702637273348466
-0.05646399023654958
-0.15533198005557686
0.04512287488257714
-0.07560846747710112
0.06154404699331811
0.3288407465137883
-0.34704536276121006
0.32807263394528413
0.31616221580455356
-0.09711182520085805
-0.20442717190437015
0.224856910553489
-0.07018778593678514
-0.30157382692123247
-0.061230012080240856
0.32048383049529894
0.24340623890089336
-0.04503064573133809
-0.13057677138395057
0.0692444647119316
-0.18563773194744398
-1.0508763555820495
0.2566911683804593
0.08809247903623328
-0.050573549026758036
0.09947943409949414
0.0014962954008321233
0.1498721928722345
-0.04210846594830127
0.20569498065346475
0.20064424809955392
-0.3629317721980825
-0.021946871630961495
0.34503621423762376
-0.21992856691649024
-0.04961055232840178
-0.34776870391598014
0.14512880519817167
-0.4861635294237927
-0.22762472493670835
-0.29079522554655385
-0.4870441407626796
0.22647702115471663
-0.16380569029703115
0.28036981314694215
-0.2998606219365614
0.2012568765701704
-0.7433997943602616
0.2536792699122309
-0.3034840302433611
0.25978225535312527
-0.11120472722747779
-0.2672198925687893
-0.3768835959977667
-0.1233188579785451
-0.016574974431490534
-0.2877981609474867
0.11316934587903482
-0.05432315393651795
-0.10733220974274182
-0.186843395653265
-0.00022445673080601636
0.20032143134225108
-0.16956882890089722
-0.9310173707804964
0.06526494104161625
-0.2792071138711544
-0.05042064566318426
0.23891394499392354
-1.3540547374256984
0.03279015504334027
0.044907257289803174
0.18293242122081022
0.17242802001404436
0.3600708324674616
0.09624852184746717
-0.3989748337949287
-0.2882635280048146
-0.5253391223886148
-0.1440376235567065
0.373999937438933
0.3592011210123801
0.17568509932843313
-0.10335541292645394
-0.36178862309209986
-0.01790542866165813
-0.3515301534958459
-0.33968652171673164
-0.1213990276172727
0.004224505321409415
0.24682979021847742
-0.1551097771224293
-0.09044311490250483
-0.11060054789914728
0.2754231119530256
0.06910135669285504
0.31767705416209946
-0.05685684968192586
-0.5394313345733524
0.09584287425347192
0.16589224474772285
-0.19101530556924967
-0.681725240792348
0.05156706955227401
-0.273280660595323
0.09900218850138583
-0.022251860426750824
0.28456220864664394
0.12474134647895858
-0.4998616912181613
-0.23349283773738622
0.24652729976707394
0.15644448793835544
-0.1870128312438014
-0.4769523359025877
-0.2635077496610826
-0.5418756550729702
-0.04220211588178971
0.03235460741262901
0.04970207655999666
-0.08803973965941762
0.2367731958691181
-0.9744302030332849
-0.6397375850930624
0.11534850220618431
-0.09351107435125888
0.22229336829965934
0.39026718648639835
-0.3093422459271227
0.08967577853707549
-0.5145337966568015
0.07920031670521899
0.20889543926779702
-0.3954800815907372
0.05808253612090236
0.1575307841331918
-0.3627245991711636
0.3682776340715057
-0.35433320658843803
0.12482911144801108
0.15771786828721432
-0.003246839763160797
0.34523459050694266
-0.05567099227575225
-0.4799013807651587
0.2699531674725051
-0.6724715091593805
0.4640994534029085
0.013679835624260173
0.33437007032883487
0.08169765162736635
-0.02187685146807127
0.31864194648220123
-0.030215367499649502
0.046548634188758105
-0.22007190009291078
-0.1677717094966377
0.14255691052044925
0.1289206270230368
0.23187550494739623
0.2257668356622295
0.07511963421687747
0.3057768305733731
0.012237046564716702
0.13383342773195178
0.1745411080705495
-0.36195021097130364
-0.17315441641999765
-0.04529810628349695
0.3211986490930837
0.05518246578423006
-0.19927350598292953
0.2900287884829108
-0.008984347312258879
-0.5307630208375238
-0.018450680941412455
-0.10572092349282991
0.05036904938797979
-0.2822601811849035
0.1855882617455035
0.18464008042329128
0.011481914308961916
0.19579933695808668
-0.007688054958458207
0.10748897565156086
0.009742473428639908
-0.05530567417073871
-0.6427885317317993
0.38188999497189674
-1.041658315015341
-1.0840897385696306
0.4403026258003039
-0.35518240868237416
-0.5866824864403983
-0.1816856045241
-0.2899986293334895
0.06551925216773438
0.29600328331065623
-0.1352080515268581
0.15051227881162416
-0.04061437206519018
0.19663291980564795
0.13550001016123875
0.08575201879192254
0.12548175388136795
0.06776208530445052
0.2099960977102385
0.43455428073739527
-0.008530083903954868
-0.6269020970178412
-0.10137211676437459
-0.08353062648804184
0.21711957704561136
0.008295065778575066
-0.18621325411192044
-0.093084959562666
-0.34503188156725545
-0.332630738696129
0.07565065575037475
-0.3245051542858226
0.19858435380680148
-0.0961065329301897
-0.10997059441880926
0.24857988602647332
-0.16472934275386045
0.061774280550230244
-1.2640040215384167
-0.1417510279845437
0.32729974206608803
0.022891501097629018
-0.5089336411829712
-0.42145399110860915
0.09213604290258295
0.04652647446947003
-0.8556513085655391
0.3983665242069486
0.19990920786394725
0.34129440896063323
0.08414530968005375
0.19226270306970922
0.18323402226581706
0.07611099503834798
-0.20273992375724098
0.25329136399520924
0.11992699091780093
0.249495365222251
-0.5085811542252181
0.10973948032929906
-0.010909150842958857
0.10985771123345203
-0.11359942197213384
-0.12897092723269815
-0.08528678069016478
0.3140244776936976
-0.030180231748821562
0.37729808850104196
0.26305364320326124
0.11721894875148957
-0.2905231176572557
0.2165309854423
-0.030079626993709467
-0.3039621731793865
-0.06831772768219517
0.485592417908026
0.2365997237082494
0.12029847093846377
0.17679658479029386
0.08350337628286372
-0.0033878553860002603
0.021067716386243336
0.4045650246030572
0.24936071539935253
-0.23860466535456495
-0.06600687356081374
0.042917713768518696
0.453074188337817
-0.8844185906042894
-0.008667419412954102
0.12037807712699637
-0.008413219602468155
0.06669387290512815
-0.05871146501737364
0.07230600278876956
-0.03289871722525935
0.4020026781714739
-0.08469454768765441
0.3983773317608015
0.06647942841133836
0.09601955044731328
0.15552214966380468
0.4148609670635512
0.10970755131422519
-0.12458136366224774
-0.3820963609523848
-0.09227521659091123
-0.17920827500198885
-0.06806915875376976
0.23808208006787618
-0.09023404194259366
-0.11719530564212269
-0.06187237940372285
-0.0967992470517677
-0.01047850294621654
0.17294945788216204
0.21590972116212198
0.05939473676591385
0.021558132739926
-0.0916401027956947
0.010056111893526351
0.22826799790002003
0.07589004643622439
0.11987183595233801
0.07106183966035026
-0.07065290668849085
0.25277853034199305
0.17371522806841003
-0.15224136291680626
-0.0188639009566643
-0.3780859405311351
-0.16444305626857755
0.07472063784399817
-0.19612683047555007
0.24164668275137147
0.0921803772531874
0.7185092657320477
-0.15610022743485286
0.3369240567362255
0.20672277672812442
-0.256789386992715
0.3443113655383258
-0.11347920332876305
-0.2258340396089861
0.08537497440969884
0.11224879132383987
0.37063614644552134
0.1704451960953266
0.1581804278300319
-1.098631280776131
-0.6201389725655716
0.5132058348507391
0.19538412303702274
0.4288756784768344
0.19311859505101486
-1.1266639073369757
-0.45118669715112086
-0.5851868366275823
0.01733465130951436
-0.028143802930307504
0.2071496816101775
-0.11023554148293702
0.025832267893432292
0.1015601544299678
-1.3374415339856192
0.2547148740156331
-0.953237188381231
0.09224391384621998
0.05215491963867708
0.3459383883261684
0.5218642736209225
-0.14215461357889006
0.20669499717942866
-0.43858059106215075
-0.21393584975503402
-0.9637714787703617
-0.01695303741669298
0.04211096299983817
-0.15255815936218708
0.15887757492124197
-0.05714633852134772
-0.021476478271114652
-0.04892394966652351
0.1369957113369799
0.23786804614322357
-0.0900417110170398
-0.6720071889925195
0.1769976146869366
0.2968574924275841
-0.13855876411534404
0.37803774001172874
-0.059866038603047955
-0.22743284604411212
0.23392755874920476
0.26558089264409623
-0.02088894441334469
-0.2511041678684896
-0.07536059300579175
0.15914894512843664
-0.08494914597343134
0.5855832195290505
-0.30402718441810206
0.07613997544694032
0.2012678572279773
0.7217629978792277
-0.05742575520100461
-0.46376751187802645
0.07895324658545448
-0.8302801466591315
0.2253356224015676
0.20837144306876104
0.28661037813977686
-0.193249108887812
-0.8608447537997748
0.029489342781795706
0.18805412550082196
0.3884742422838847
0.15991283922091815
-0.5565751482420854
-0.019525944509713875
0.26252821244822333
0.03823883274049979
-0.02000375325049196
-0.6340713507823275
0.013854464182183132
-0.32139208820262843
-0.40133267966086394
0.14005023333909045
0.29385411396941874
0.22067423580330586
-0.03968637670308785
0.14860308365525432
-0.47532837218625196
0.062343148596915796
-0.169455308822496
0.04111506609567912
-0.07057832209751974
0.12305910348070119
-0.07739780848652131
0.2132814431730056
-0.3058397553468296
0.33784052840845696
-0.014244836014241768
-0.40548085509486986
0.01885563765704182
-0.498767314110456
0.20209354472275493
0.061300903609694604
0.5652428944961864
0.2508346854113367
-0.0019632403131591204
0.140849068907482
-0.30923036732895576
0.31482453411006095
-0.5649925002818532
0.13960526515606295
-0.07827057953118763
0.3707718055722432
-0.2263654902756719
0.21864977822467915
-0.19274407752639594
0.06671087149468632
-0.4131557102882587
0.33888892626502
-0.122412127476487
0.08655248446620929
0.2930556765673399
0.15351917177763033
-0.04883842697076129
0.4404599989474585
0.0658540295622546
-0.15088391354004083
0.11119463642801006
0.11117984418566347
0.09298639960367425
-0.09256925312435191
-0.1887100651932907
-0.33946728866321874
-0.845405752258876
-0.18351539786844404
0.21678242411492277
0.3641265720014208
-0.06104923244085553
0.22321901928258486
-0.2667068704388476
-0.2533247111160173
-0.22007444803867665
-0.757975759260748
0.33537126543567786
-0.0171170451996829
0.46051464679683624
-0.16599934782715867
0.10285734971748647
0.10399500358961059
-0.012490584158456983
-0.3117766295765858
0.23953007247581262
-0.2446116583939255
0.01218084803945167
0.16851215836877367
-0.10225600819913694
0.26779792712529316
-0.61008378767125
-0.468357581232858
-0.10619798757598378
-0.17889176464470244
-0.2456553862627811
-0.06972992645096707
-0.001617358582876044
-0.185353772126098
-0.30944107972204515
-0.06458667605064314
-0.7037133326927756
-0.2746357524245622
0.054316870776223256
-0.019190512832724216
-1.3366936962483997
0.05226370530053652
0.06225922233034128
-0.5092491363817522
0.0491484169743049
0.03512204492103458
-0.04167287256370862
-0.2040039987636087
0.1684640789740493
-0.11150291703474366
-0.10624230220848471
-0.5100628012015849
0.14732559439355936
-0.5651692563846336
-1.1881275974759968
0.2097016126809824
0.23958706495991314
-0.39828076632967585
-1.4204830247266311
0.1653608185619831
0.34290069844377724
0.30841350220900027
-0.33201786840381525
0.11952189042368044
0.16756481050641825
-0.24244188256774368
-0.00885751900800268
-0.20481873836178383
0.060104087543710216
-0.18034956905239077
0.12371219992562885
-0.206968827434692
0.03859072249064095
-0.025747279684400402
0.02919863291231753
0.13551269110630726
-0.28308467571351537
-0.3393230017816295
-0.4707155981414342
0.16120937798072194
0.10361901902982792
0.0024390120307065805
0.11837277448571507
0.12040650724665611
-0.3265586491482203
-0.1837958257649733
-0.3658658575106743
-0.02085248427376577
-0.4096284047043883
0.2029935065601443
0.35166374719224786
0.13084015913025004
0.1826360262512638
-0.19410485459935772
-0.3830515873860123
-0.027301579403348635
-0.3793841226745817
-1.215283987665156
-1.1450465969143055
-0.4858589190669245
0.13486477491158266
-0.029849270345645818
0.06684992605430437
0.1951535507237568
-0.047616543993351176
-0.04561034941139355
0.08721428901084097
-0.14585479223144127
0.3748561908054254
0.2170032038149258
-2.0190775555828107
-0.029617786911584502
-0.38231717926931214
0.03545322148590287
0.30352623685489594
-0.07448763907430084
-0.03523630216704638
0.21605831066239353
0.2292117212290699
-0.15075859101162845
0.021836667771586327
-0.26131107820534105
0.27903740961092177
0.07042723587878305
-0.02421559292302473
-0.011610174884332672
-0.11229391695271015
-0.6322536550308118
0.1620015341008037
0.37671861743711066
-0.06755703848812833
0.16075179113825117
-0.9495177219902479
0.02189913322276469
-0.9848402194112691
-0.20976521625116434
0.32029066308067555
0.28631946149019
0.7148970320102517
0.4607904433956985
0.36272462447214904
0.3420776695007537
0.2552701135880518
-0.723479588961301
-0.40668833305654034
0.0943740504373491
0.4504899850916608
0.08761790016332588
0.2136472640040838
0.09280532826143038
-1.4843334104352732
-0.039420521190558805
-0.11537555201905096
-0.5360291903744085
-0.09492897357463317
-0.18415749200152282
0.2780277537256249
-0.09622739865822696
0.06011228754756037
0.10524504075950677
0.029632474613937858
-0.08380966580422147
0.27918547918154285
0.2254620640035616
0.07314771254264188
-0.49841903663300957
-0.3718789937061563
-0.05642407206361918
-0.10784446557188102
0.08581419937711701
0.31616790465734895
-0.1498136905803924
0.006206237942199766
-0.7293023592842126
0.14980898937057213
0.1784232207481659
-0.2887461106922996
0.08242971761638293
-0.06081100297483895
0.06585091730117473
0.13571467071471507
0.06236988348115977
0.09373593098971084
0.014307328154166698
0.25154247703477944
-0.12306676230235794
0.25611253497489606
0.10987542065597519
-0.039123103034139205
0.15457270319381572
0.21602931171172113
0.10766753072130215
-0.1738018163068348
0.11993242966412472
0.13670928341668032
0.272766426091014
0.25046616486144385
0.0988468646294536
-0.2473787684000946
0.32745546938988596
-0.48961548966554086
0.08719138545501508
-0.33426399885053826
-0.09119704062547374
-0.08756006169138028
-0.17421918650452892
-0.016206060038881486
-0.33421720731423427
0.05254337921433115
0.1653127094669648
-0.2795650568654384
0.003941955926428753
-0.011401473244194604
0.24068704078419798
-0.2907514544543266
-0.0935504136291321
-0.13605035538887683
-1.1481496031272924
-0.005757613093953129
0.18054273175576718
-0.09161601002269293
-0.2774493742682316
0.19642586232158846
-0.16664494682299819
0.16986686228973719
0.31441405790208155
0.20488629232370395
0.29549617567642705
-0.6038048730590905
-0.13961198365149313
0.3528713563198701
0.16866216300988332
-0.40235606066243274
-0.026780702557684843
0.18694629495130038
-0.6242674380371817
-0.3857722704363219
-0.07028322964695473
-0.4739388728548303
0.006607192133077078
0.20798890199336695
0.14340051388693154
0.37724234724345307
0.30098067107010473
0.2925883906411949
-0.02350380052705949
-0.25442195861355044
0.002846761813986837
-0.8859591936551425
-0.1771462038309919
-0.7699983431884726
0.3293662348175458
0.08531864665058356
-0.2211625759604142
-0.481306967811226
-0.009264283626750172
0.415281178623441
0.2060613704678221
0.10887395509223449
-0.6492334378816271
-0.18036944017897957
0.2520099532536534
0.19056345365407787
-0.4017216604257097
-0.05971556520465389
-0.12291657311241651
0.1041009441926422
0.2673223383284752
-0.013426970402921377
-0.20769863801524507
-0.0895409387613155
-0.26432049879848696
-0.8352639903645974
-0.7995942807493297
0.2893448673949218
0.07368904063353551
0.4383252339408691
-0.3578201560648927
-0.3411022672686358
0.024468929723721795
0.4063102339864516
-0.20309722610524825
0.11593943266329036
-0.3800678472567406
-0.5944752312700496
0.1751043457280737
0.15689293520085218
0.025955380064084016
-0.1521858662823099
0.018835705604440072
0.042679919218181164
-0.7166573049475164
-0.3840813585970687
0.027508897993465686
0.09520605163702323
-0.2003877556691352
0.31814981168278333
-0.03694046817551324
-0.33169800953085404
-0.022746278833728716
0.3970696343938669
-0.042449672505147286
0.19140618168556017
-0.11177038422763474
-0.1785800647263
-0.28136546189171874
0.3013836362293113
0.18758963193597408
-0.6942091366166478
-0.48367198154029756
0.5422348029885298
-0.8152981186648607
-0.18462762665160085
0.4479007189849553
-0.04608410651173108
-0.14863897489773886
0.11863965646813854
0.055042961369273224
0.010328441676497104
-0.31469672166966134
0.3210869671404033
0.015789398512524006
0.05095063412656527
-0.15003896698141678
-0.10351995517888488
0.2960724511114774
-0.8925584974435175
0.29476438851498027
-0.043902458522674485
0.41212081553903646
-0.419733977428103
-0.2865750079572901
-0.2825189483170387
0.1934635193286236
-0.48536198095443145
0.3626720317231383
0.034151118879427504
0.08788727886874156
-0.0695418390815944
0.1100156316038651
0.3476226278036122
-2.002967650139847
-0.3142805897079661
0.008376817667960444
-0.017779300522757613
0.6348166779752404
-0.2561630369513429
0.32026166892687785
-0.038029229799697695
0.13750746506163045
0.2296392964922717
0.2270380011896005
0.21730184751008488
0.166090405820802
0.06165282736139185
-0.553127560568355
0.594612695679686
0.17498651243516378
0.10802157799607666
0.12403823399456963
0.03230856200643096
0.3004679589326028
0.07001002207289632
-0.2009264882947448
-0.32508886856530184
0.4141805581066711
-0.247139590859496
0.16264885576064023
-0.22753985416729675
