0.1644927998389037
0.01483457329142972
-0.3128686292232303
0.20992513161881168
-0.6610195416400515
0.09054240223770398
0.13381426875831826
0.057246518755514494
-0.03117363258709412
-0.0026200956682496555
-0.5001329035999796
0.1282006623340332
-0.146924954385726
0.3445738397808366
-0.1948262152165802
-0.23547422667792936
-0.08030676370311789
0.3613536245529722
0.14691066082334586
-0.01565766074350381
-0.6259118331994767
-0.3043649263193286
0.1829450401815526
-0.05510059639938251
0.02234372355490698
-0.0017578339853771886
-0.1374820746889712
-0.00520666516402567
0.11965956400551643
0.05707872295571097
-0.12825859353261576
-0.22021309783342816
0.17990201050846993
-0.8530652971518512
-0.16088077072838822
-0.022707214492993993
-0.5951113717598202
0.07738311082035339
-0.64991438283329
-0.1400705272604377
-0.09391645614280295
-0.2825241369638122
-0.31318887487082714
0.36212072487104197
-0.08394949509142631
0.1624819963434711
0.025920842571171453
-0.35035351121811914
0.22481107208103576
0.054060872771374134
-0.009373488624921067
0.008613736860893928
-0.7375816598076137
0.1105014760964566
-0.057158832111914235
-0.03552641021235958
0.46883174848827364
-0.22991748588301375
0.1823816099578296
-0.08006813697246887
0.13204448674176927
-0.3453897813763507
0.133662694814227
-0.5277792770597992
0.27366123743754156
-0.30098545845175223
-0.6111712345512701
0.13795299261245825
-0.4547034479284228
-0.16045805224181073
0.04522617170838065
0.17688402506843384
0.015683393478820924
-0.07960865785179305
0.021416125945214293
-0.17143642805678247
0.027583147931585415
-0.3991520321865378
-0.08805458989652737
-0.7980197450601134
0.19786794187072618
-0.05430014320329365
0.3115079959917171
-0.23261462456833218
0.2664013022101247
0.13346725806084186
-0.7207607921334387
-0.367959366626269
0.007466899627362117
0.18950086657390267
-0.02308245064377772
0.19913386979703201
0.13870601375643063
0.18544519194742273
0.19170048932906802
0.11983874997822579
0.09053822568062696
0.20543871263490154
0.05416391562675038
0.2019811453101564
-0.02742265703398724
0.054255047196117435
0.16858672782217984
-0.22359856507935608
0.15038975556666806
-0.20632387370646527
-0.02797453182969175
0.42130467455311676
0.1018706650172817
-1.7237727394700681
0.17663773831091634
-0.11575788576521988
-0.041739695544676214
-0.07200635063339766
0.08983805961730026
0.18009022435156263
0.21140966010847376
0.19907837452118218
-0.2724840792725415
-0.230396815949992
0.3925690101371787
0.04959314744833908
0.08137003810077843
-0.05226412894495759
-0.22116121846934197
-0.08740200875817171
0.08977644295672062
0.21920703762358054
0.2880755779017771
0.11397711777444859
-0.031343979507796285
0.12183736037444186
0.008585393014446385
0.2841935948140085
0.5785303204823553
-0.41836757836810384
-0.11054379507447169
-0.25743563668283237
0.276820661977562
0.3624876998413308
-0.4764945751666076
-0.320332616030575
-0.4216464492109438
-0.4787870571655944
0.028896937116224354
-0.16408263895020517
0.038777748579667225
0.25970501682327435
0.3521952751505339
-0.10992478455706474
-0.41547081581259215
-0.27481547430110054
0.23489157165601063
0.03492353500274169
-0.1257792277939097
0.15113570891633923
-0.006087578931009661
0.059914679743308955
0.012144863550769958
0.0375761018785993
0.27419206054672
-0.6104503698865699
-0.16465587720036967
-0.06682202931114882
-0.10660367721576869
0.1922124985838239
-0.32064972298524286
-0.28996751818786304
0.23493138128500796
0.04747397556221547
-0.07910226251997479
-0.1363937708461255
-0.1706038279321369
-0.6640798920500594
0.03670555160169354
-0.017543537660474357
-0.17553476360801804
-0.7401703087341354
0.01640400302844195
0.06118871889577513
-0.48608099130826155
0.10482173390847956
-0.3226756630311928
0.16476854888826645
0.18155865356229664
-0.18315171007081948
0.14974303853820126
0.23793038919720205
-0.056531480347609776
0.07706625080044607
0.0679218396399672
0.9306039935055338
0.1346442175618078
0.045613337109884335
0.42979833357890884
0.18731678208200236
-0.03530490767593033
-0.6449924898961752
-0.5674552042291288
-0.03182900654389407
0.07662190300816789
-0.11132938048450565
0.2861651051154486
-0.09632122421739579
-0.09019995747735224
-1.6488894894965935
0.04177694203313141
0.25262589828988974
0.10893596810789156
-0.5009432656815189
-0.052314319374978324
0.21687800197298968
-0.2603273392319095
-0.06500526126259898
-0.12520265953626422
-0.8237151643022118
0.05339464777928458
-0.05846145358643381
-0.12027052396427595
0.22552058161405367
-0.3855008523916713
0.20962097235425176
0.15838145942950166
0.4214279978642006
-0.5088333127569031
-0.31979214048372484
-0.28442973798376464
0.1079068697325685
-0.1452446301589081
-0.047939880684062144
0.20441155428867258
0.20198625990165736
-0.6888718063899611
0.04833768288942344
-0.020543624279798438
0.13263325606973578
-0.9316286123150919
-0.1435561523178491
0.06510971155631161
-0.04787353593038956
0.04183224759027836
0.47857502968520504
0.055617724495386024
0.6846820911204164
-0.0476566515733672
0.22436087051932616
-0.48970546722595654
-0.47779098450906865
0.5127004905014226
-0.07109398649190227
0.30820644033008543
-0.04011990215061599
-0.3577345322506076
0.12885157738472158
0.14251390411573606
-0.5975004623525431
-0.03228571223003659
-0.243623782161927
-0.22818243269383948
-0.327318139407291
0.45247869493401716
-0.3262428433866176
0.20211833354120817
0.010338763643888898
-0.2157236631134658
0.1798065754118761
0.3646318291300094
0.2959770816186722
-0.10768807349620313
-0.1816506227418074
0.14970537738898285
-0.1217030386645862
-0.3801909877138753
0.29863317301265135
0.23443729709425334
-0.03247079257273503
-0.9559031024330519
0.02767869212700593
0.34969481217715126
0.2616755768170832
-0.11261659902083312
-0.2959923209930745
-0.6593461788341214
-0.2752491844285353
0.31533920119671544
0.18542765371734124
-0.4203784573848914
-0.5875162328166921
0.16684826595004681
-0.5779007919494625
-0.4783501737505264
-0.010152853366962904
0.11635762573501204
0.26561769326267737
-0.5028275456746083
-0.013861993894861558
-0.13181087634418778
0.2702784081426105
-0.049603358855768234
0.06557178979409493
-0.1891218439288142
-0.027491426642521015
-0.29829385812557796
-0.03256646959246156
-0.20509570700111937
0.4052263045097343
-0.29035291605281116
-0.18695361088272203
0.20914726133207545
0.05655722008473265
-0.018798049032938337
0.29690952230877377
0.5772253832520085
0.09807969207996155
0.07317731203728287
0.2653289561894322
0.3024533479269408
0.37313390161727644
-0.032012983871953477
-0.09928822388358216
0.32051608431584216
0.45224358516730234
-0.005626804393721851
0.18303191637386376
-0.18665463802510507
-0.7031456484579186
0.25698710328823715
0.2783119192832616
-0.19225609074038713
-0.03240069723018378
-0.2135513507663128
0.3695958276369473
-0.30290183298241374
0.08340181011429218
-0.1825705340795316
0.003271356204411485
-0.15702562994950023
0.026378783021216802
0.5280816126796667
0.065062909078915
-0.1010662045993099
-0.7847988592539006
0.11951619928337379
-0.052893457022036426
0.2514509532496969
-0.028589725455686853
-0.5816209416062734
-0.6684761689210079
0.04656213109983826
-0.0163144869988681
0.029282381096511278
-0.6716242329811208
-0.22903484509227057
-0.055682088237071305
0.09548975642725784
-0.7239532802641925
-0.5907849975049319
0.022809787389925507
-0.4197453208002425
-0.07248702220268421
0.12930169524815188
0.43274158612823593
-0.15325440352566222
-0.09562762006094087
-0.04585071468755784
0.04916397196504388
0.4438253352465555
-1.411074114896873
0.07691031619974875
0.4246853164163335
-0.13966264306618356
0.14026358392318253
0.025149641940801132
-0.09140244636952596
0.18718916623441387
-0.03084313155547268
0.049165997059142055
0.39523910095186277
0.11808653105924447
0.29886918165901866
0.5013567735692257
0.08682238189728808
0.14667410221402513
0.08340237163190964
-0.030241517518703666
-0.17610117080181617
0.3261427897798407
0.2547645207976258
-0.28902208610476354
-0.28035549832898493
-0.25860443161987073
0.24093723215449012
-0.14165167311955956
0.3699241453876351
-0.05630036954611752
-0.7607077136139366
0.3040317832896912
-0.2823541781500263
-0.09386653696984468
0.5620090079586755
0.09811107730108859
0.4368561655759061
0.3261496279527878
0.2314908870656689
0.28894073131727904
-0.2912541193493353
-0.008421239422191317
-1.1803746875861836
0.09626243831429601
0.09507814916391766
0.4064482801341433
0.028128040172500857
-0.22171962503240375
-0.36190886227732144
-0.0703034489268463
-0.004053532777403871
0.35605768960487294
-0.14423997366742142
0.3360553807886955
0.32062527576618793
0.5631262691266937
0.10489682219420374
-0.08735159472790757
-0.4678352802901822
-0.08515814978472716
0.2137303520921357
0.1144993796038909
0.7055574940053337
0.3115180189087548
-0.0736591484050346
0.26222052209911845
-0.17661695179839004
0.07091952310042135
-0.29854651506203944
-0.46641353653103435
0.23771470857706611
0.1594582166919209
0.07118545984035499
0.44729259660516857
0.0645205718948478
-0.19693466442056168
0.2095919297138847
-0.08206592139809377
0.10143481202154518
-0.21117192243086236
0.11843961063719108
-0.5228925827445441
0.23646606552126676
-0.46610144064147707
0.10472408390670247
-0.06758457362159251
0.09540280870576862
0.08241053450129829
-0.22597718842474324
-0.20112950059606938
0.31825830654331577
0.1447936805820586
-0.1915958947344074
-0.9055894623300491
-0.07282671611013777
-0.03945599374305444
-0.09324330474376367
-0.3150289341098514
0.012368932491867712
0.12210977674188554
-0.0686524750545396
-0.30555440557560226
0.01563923271179165
0.28923536707728664
-0.024551890529255944
-0.6369578345060113
0.29380425683515227
0.31887612223275213
0.4841594755531671
0.06322535171087702
0.4445682372275218
0.0382145133632225
-0.17724078054149497
0.0899992328739059
0.01981350096839813
-0.7034973141791292
-0.09430975051921898
0.4168772582861554
-0.11195177106006786
0.3434631582021154
-0.19897360370013475
0.2361161032145107
0.29484651987889315
-0.618461497147332
0.22080840083631897
-0.018204996682207607
0.6255756608911625
0.06900746113920524
0.2177430052055404
0.1354387046532838
0.010015372740872603
0.3245668101752212
0.4917638197911149
-0.28380468729926844
0.3674897225988193
0.11918760786990094
-0.39995786905250824
0.09491390969563972
0.05752891058324831
-0.07323919524397411
-0.18269423943306687
-0.12295058062363735
0.16230968946407304
-0.015470040331349893
-0.06760505286424308
-0.5454888278766908
-0.45226640778695426
-0.005600280295268456
-0.0790907684890091
-0.5557605410295938
0.15115536619300077
0.4097716270416775
0.2731342949157379
-0.020201881467789118
0.35685487958468104
-0.10948756397184305
-0.3318481327197752
0.29869984297697194
-0.12166030862850177
-0.205197031495171
-0.0638636698985623
-0.31244801313974924
0.21092477690113215
-0.23921870913099513
0.07484733489508331
-0.09715229213342517
0.15154401034780685
-0.5126143906843009
0.20458993307426
0.00325706468444103
0.1746501200429229
0.24168792086440175
-0.3596712478437678
-0.27358437157254345
-0.34302691938190655
0.5878117724913713
0.4902940020506266
0.05574453748874444
-0.25030473267336895
-0.4846575292373051
0.0612164393170098
0.23924334240155462
-0.5763436801858008
0.048231692185913964
-0.1316113934441583
-0.08804410571056967
-0.5403655291688251
0.3451604496423943
-0.015806627062399353
0.28720145162292665
0.35633288138459557
-0.6105468873796155
-0.2911057344965405
0.027160050976758825
-0.48289614655977003
-1.535145603350068
0.10514254351753727
-0.34099896985592004
-0.7182485157045496
-0.30931444697024857
-1.2944111812791863
0.30778373712864177
-0.06975403995599674
0.019815953417791375
-0.0647422060169642
0.12663744301525984
0.1377997951894198
0.010880806442424996
-0.3010552626199069
0.17295763054030838
0.2895080948653316
-0.4204319834451149
0.20065392671502402
-0.33508283403561345
-0.08877923930955374
0.4272692489999244
-0.4050288762185417
0.24483251939007458
-0.0542023943887074
-0.1374984799031804
-0.5434188981210252
-0.3443843820904493
0.24177048402547582
0.059295457207200156
-1.6435759530537113
0.156947270590775
-0.1614972478772945
0.05393551802797214
-0.16600791953365412
0.3463212054813217
-0.2899628160271152
-0.12366329174605477
0.19314265393609212
-0.013572734788950358
-0.3065273098492551
0.10792603264836176
-0.028569292283662878
0.029370425320209847
0.1384072902890061
-0.2642886678821079
0.08897657783980943
-0.6149688433718178
-0.12389749825801619
0.3772598080506788
-0.08077670485992698
-0.30402658104066455
-0.5124425734460947
0.4697743562586127
0.2480416807227111
0.08765264516829441
0.1523773067316579
-0.33127292735358227
0.19251672856273594
0.845190723055976
-0.32120570835118795
-0.363561866483516
-0.6769400046051859
0.04917450235731656
-0.2836786899512348
0.1520991808918249
0.14860219041713316
-0.03810490348515646
-0.15315790774333987
-0.4867695953140735
0.0399746154966354
0.20755156633633165
0.04755174897594442
-0.3448829400784418
-0.05451495072917092
0.07047592152788337
0.20539683584346552
0.24126971659359361
-0.053321324490052134
0.17757300026935643
-0.28142280490035176
-0.32685418369912095
-0.04972150840178583
0.4154072232706727
0.37591112090472867
-0.046914669520493356
-0.21817776473783113
0.20136247346112887
-0.04497108451113173
0.04121317297345319
0.3401474367654708
-0.04126921909474125
-0.1724422840685953
0.3533646723072978
0.20873767869394957
0.22927489095803505
0.4070760379855541
-0.11546339490043331
0.031905634479370525
-0.7852443761023957
0.032828977906436005
0.05101546993322309
-0.42262914469802626
-0.01745355739040564
-0.11724952281037378
-0.16934047368770738
-0.08487715496563901
0.0728624423294157
0.13948818175711072
0.21339566604258348
0.2104472452535738
0.20854998467098668
-0.027958414798752385
0.30182120628549175
0.1725037082706714
-0.3616616199095818
0.0663441803762685
0.10215852866441981
-0.05484459914664348
-0.3241909029053337
0.16021101663620868
-0.49724584102353264
-0.11152277085654994
0.31777262899722203
0.04258869828211802
-0.29653253789678236
-0.4206161994761377
-0.08171118720950711
0.17969562580828408
-0.14706888929480155
0.17344571759295235
0.025293473700189195
-0.026179344535695682
0.06742911663963355
-0.1651771546324094
0.271009376031201
-0.054603091177604576
0.5338167919924
0.26066119393986475
-0.2935112647687067
0.43439531550928867
0.06141285983556769
0.21138752007436867
0.15415687413397372
-0.18091380160451198
0.23471467729932613
0.24155967839149853
0.10579251788115229
0.2299917834333156
-0.05534603869860888
0.19149754359596327
-0.10603917506333338
0.320222133903837
-0.04926309057728785
-0.3563946440114128
0.08170457373223602
0.5620753902373865
-0.541337974901534
0.15774172193753144
0.16101911780872433
-0.10870396458181446
-0.1147423151263525
-0.3169665312788642
0.029980087913110538
0.24911213785961048
0.15598890847424393
0.1752328561386443
-0.43617060891996606
-0.47304576103517704
-0.20835857881588446
-0.11657773286920858
-0.6306488289850316
-0.21991301016823947
0.3533897903460436
0.0024524135820030548
0.014894968700445824
0.025489580550288056
0.15599512712240635
0.19899170650718795
0.08561771670572868
-0.4043680402249505
0.1008832080067179
-0.26563527282920113
0.2817294619632966
-0.005132171042414707
-0.22050094155028357
0.018948023364147658
0.5469518599719307
-0.5709799439855968
-0.17840924650723008
-0.1992253434563205
-0.1769907588855449
-0.4701335866698071
-0.26072207385451485
0.049569124476050566
0.3402685072385144
0.0685383643167631
0.0065056839498993406
-0.14586235908008738
0.314868786926992
0.2221411195102699
-0.1342249348089622
0.052180821085306736
0.1729462635875036
-0.41229042458672954
0.4905404844671858
-0.13681474018833822
0.18212603938677333
-0.030669305840174004
-0.03209491665814307
0.5368359963678351
0.2589540574812016
0.07587823316997386
0.2849656900711942
0.40033472637396345
0.01967674579341993
-0.13791478555807002
-0.319673927503391
0.048438357334879105
-0.002113276607729879
1.151818953003259
-0.3974655851367197
0.12366395951216305
0.15070850913747313
0.09524036382488318
0.25969872332181054
0.2885700576650868
0.1270273095147572
-0.16613796835251854
-0.3189466725943399
0.0663737427507408
-0.6101680495840152
-0.14674175256310992
-0.37020230513003566
0.31856943450022945
-0.41757946317589234
0.09993666985300904
0.10643814021798122
0.18996609870124492
-0.04643535360481382
0.066120622518632
-0.6293481793219527
0.2511026525833955
-0.2636830230028938
0.04399161395886864
0.4137383042684298
0.3551625669915307
0.055158034851926274
-0.30107047602730164
0.21351234777540556
-0.16438241284944316
-0.2872671540503263
0.009621443909687322
0.42316152141943597
-0.2531377929010891
-0.4941277302781952
-0.10117839840760316
0.17439823357706383
0.23909392885156117
0.19149822574987005
-0.0629218103599054
0.29739409691950597
0.30953938965537753
-0.2835521701513515
0.5376999287999004
-0.5601728767509293
-0.5934564333352572
0.07878982951340426
-0.18597758908785836
0.12536022042607373
-0.6332131943679817
-0.03905054842584625
0.07158237515094142
0.19441979444660787
0.37695565174541057
0.34432174069546023
-0.16805676258827934
-0.06541139961922138
-0.6678677037735592
-1.1157578340651135
0.03786773445182393
-0.40217002524354833
0.6445527604106444
0.02297494477707477
0.30985687864613753
0.3797159695924124
-0.07808944305223324
-0.5863288124333695
-0.5863913648432713
-0.8847400827514738
0.14766395140115013
0.23542550617065622
-0.07887005467449967
-0.028138553039762502
0.18546694333319827
0.1499154095454729
-0.09483807751756997
0.4703503656316249
0.4583890277123136
0.03208794654774325
0.16893856338623442
-0.02293503900459613
-0.02635413645960325
0.15862732112910288
0.2922701529371984
0.22173740985244708
-0.1591206094958054
-0.6028788815782316
-0.1625997232162759
0.21571841513897114
0.32395808592627595
0.09940622114933581
-0.25751777603190296
0.49889806946668946
0.16932055358513126
0.16694529599874194
0.10087055332610491
-0.1791969394444314
-0.8098953238782249
0.4694813030853215
0.3133032866789431
-0.026434337758735584
0.31199298959845667
0.16455504279791042
0.22362485643133892
-0.35709190136935576
-0.04416835937560306
-0.397567733535923
-0.019215263077252145
-0.031549977211757965
-0.4307096995456933
0.4099946740152106
-0.4310948458649677
-0.2946845683000593
0.11710706836967899
0.14270808108011795
0.19496281287612244
-0.39179692755118073
0.22063177671566772
-0.09074130640365993
-0.30239994525251734
-0.24786971630479981
-0.0796788126728845
-0.44437865053853853
0.08504164503662352
-0.1088604086981618
0.033993472070198164
0.49429708869832495
-0.17712859128277492
0.237627707573811
0.1885923014393996
0.02379616917817834
0.07189087520159235
-0.10021395042652999
-0.09353918266304977
0.016217284578064615
0.06265837069794168
0.5508337479964609
0.33926901599870146
-0.11583762505762132
-0.35642450090554084
-0.20396789921720263
0.0033115527018571277
0.15688598256603725
-0.8555200863753558
0.17500769398161128
0.07848903807463228
-0.3327901419980259
-0.32867896462034707
-0.31263238989885656
0.2524952881133903
0.1637423767327252
0.07096251760271821
-0.3683137220855094
-0.3328807174671375
0.2928748561347717
-0.2842838864867703
0.009822404004591112
-0.15710076032915538
0.0691635950752087
0.2129076886251136
-0.05755701030862439
-0.03861703119641009
0.053349842208308275
-0.19188686026140117
-0.3656808473826557
-0.44590813219152964
-0.25142304306344526
0.005714140973050055
-0.028409719078451877
-0.044597697748463526
0.4303052737571099
-0.1879903238107929
0.1586462382498433
-0.2942221575479987
0.1553571663501469
-0.631784395947683
0.30320734721697723
-0.3199928431013577
0.295409178928871
0.3075889811887397
0.2511353986436956
-0.7927168350093184
0.2821009474466039
-0.2315209481903171
0.04876712955223368
0.21399473325356383
0.3764307512031123
-0.008230898986905738
0.24794183252148166
-1.0501628640952452
0.03322965835655725
-0.21885139534435227
-2.3040222430688084
-0.3421955411212577
-0.56691291819736
0.1671423642825788
-0.1887098434805458
0.24308648509921835
-0.22769989489001974
0.0932733908103736
0.4042153552080309
0.11784781543154703
-0.3297648414779527
0.20952266171281786
0.2880974687534665
-0.15895444322496394
0.017256236604786583
0.3273312727180651
-0.0591628519257247
0.01131683666388677
0.31105581621974177
0.235531590877615
0.2880018993565088
0.22445739755907557
0.049855336083742166
0.23069162113833178
0.018906808473224717
-0.3404258549703666
0.2425599887514492
0.2519267694061277
