0.2514976503038452
-0.35846736262067747
-0.15648513457497717
-0.4388444296144283
0.06558026497582228
-0.6261066766856824
-0.07525008309195037
-0.4384143551678269
-0.8096059291923277
0.4445637407260013
0.2980453935840144
-0.04231941031444287
0.032035637473775136
0.1798574966013367
-0.03703887476062708
0.1521671172956171
-0.34115742986169095
-0.11127033752778823
0.04223763621938117
-0.015729718733048195
-0.016306613992028256
0.017146240776752957
0.16343882278081942
0.07099413842562265
-0.1140632293136327
0.11621147628681279
-0.04511034325209137
0.06924165032179608
-0.16146539381626993
0.22381744758815292
-0.33422816509819164
0.007832874896658282
0.01631387230558773
0.16639784538454694
-0.0058522194448852064
-0.09026178417777031
0.03420294108409581
0.49514449195780796
-0.2526647871018455
0.005755173419576537
-0.08728970462279453
-0.07845530556012974
0.017766638303601843
0.15990374536524715
0.24229775312801038
0.1587854656596638
-0.5126625376223668
-0.15588570888023381
0.19470788461190264
-0.01864933454932498
-0.1680617656192339
-0.40497581796612236
-0.6738337402300993
-0.4188825256812686
0.05432266832266293
-0.46919618476081465
0.04621351465856177
-0.5942818771432625
0.4336202703383164
0.12225159831064998
-0.22011551154487127
0.10156023205406355
-0.1751015473335547
0.20055021349042335
0.3733884922110334
-0.39989535166719775
-0.30592989564100226
-0.11426088628035178
0.017640453932766566
0.10205237356287995
0.253512360676145
0.04000996103816307
-0.09120556970331566
0.11005904207176206
-0.22328514255112958
-0.33093250005333635
0.12204496671110798
0.13520385591909284
0.13475305832007037
-0.4549231836742167
-0.947097126203843
0.23657227977981984
-0.086735575576339
0.038782449540963986
0.3048828681765158
0.26342830809720397
-0.09941078159688313
-0.06394428106362013
-0.13410248670894137
0.02756618263744382
-0.3006964661143421
-0.10071171425114733
0.11716615083312336
-0.1084048846793354
0.013742539402319542
-0.30722778338010975
-0.43001688799382026
0.0691420303175592
0.20053627142385078
-0.3078678941242287
0.22618058361995935
0.10596500076449133
0.06780220534250339
-0.9856317245717172
-0.6045562103971603
-0.009835352100604091
-0.20956653224969052
0.1817154992545167
0.34708000690173424
-0.3276648837905116
0.3823365320150211
-0.09067967008032915
0.09457382200025928
0.07734959078596051
-0.05239425345376671
0.15742845267869304
-0.02840728994186683
0.009760019917318896
-0.21553420174956495
0.0043972879889057305
-0.7315567609476066
-0.614751702781877
-0.15472762699015347
0.2810152078103178
0.06317078491655104
-0.8438841856283897
0.026812109198480684
0.1432817891969757
-0.1260897505774206
0.09182476929785058
0.16181192548558535
-0.1672143078726032
0.18325138761095902
-0.1544096080509086
0.1001173600636569
0.322124766625249
0.47484340259951185
0.3053760751331197
0.11461283339361934
-0.025909577429906256
-0.020523290074350796
0.1388949575418529
0.2846336420524883
0.15818194266646918
-0.3106502741799635
0.13962217045162859
0.18884615828920664
-0.27208067354843546
0.389744430334547
-0.07213267345144111
-0.1793129454692429
0.04819751945596003
0.18118187190924492
-0.268588888500273
-0.07398059477506262
0.37415313519250015
0.2974213977042834
0.1653502287542477
0.2064073959345408
-0.08800982220459733
-0.13170278812249916
0.10991060365384493
-0.13953375851665323
0.3728153518059581
0.02174809682150787
0.0467033527612407
0.03758993936151547
-0.13120106320879674
-0.26878068168897756
-0.06256006256985276
0.4359471023201277
0.01806079230477233
-0.21401987627392818
-0.07430888354196583
-0.5506342670451205
-0.1568186964968568
0.11477128954737763
-0.6547734799424694
0.08584563935452211
0.02395898236999525
0.3416154812096239
-0.031838216725523824
0.08796961369167322
0.16673542540631187
0.13038723329408072
0.2419185803973518
-0.04815419271501785
0.3914824126279485
0.013986421565979786
0.11007988731956342
0.3707903745254172
0.2817514924081231
0.40211040368365414
0.3226448590267803
-0.5582988640355878
0.18334665161811164
0.25789086573192
0.06851749466969001
0.03366913815597199
0.0557883977136948
0.26559051533549627
-0.17293856924996776
0.173993912150467
-0.06092070159295606
-0.1200067746486411
0.09253971100994911
-0.13486312374397405
0.2731933449039615
0.10020918028942476
-0.04629116148244427
-0.35791146164132853
-0.20455019775421707
0.029326216305713616
0.013952715116917333
0.0954393229464191
0.10710850776557046
0.08164885881225042
0.10185904270229289
-0.10804282957923488
-0.05978212615728036
0.14814380690172563
0.013128819778587143
-0.17536047608994856
0.2349959644618184
0.02109952860264753
-0.15466777696570239
0.33589546248619184
0.30557747308112604
0.00784747683802196
-0.259824834805611
-0.13477751059946724
0.016871555440061404
-0.09966267906075288
0.14890697929265134
-0.07946635518611467
0.1361362263168278
-0.015220282457450196
0.17462524622062614
0.4668886329281525
0.1659694445161429
0.06810450290615504
0.4687165282384675
-0.009781267791621442
0.08968380959851853
0.16209733792425218
0.1572970316066043
0.43944977818374004
0.06684507863356684
0.2511095455326192
-0.7002924699077243
0.3200368873136365
0.1368828053838702
-0.061722204742229114
0.38200224971138
0.3735161521992356
-0.07904634187541251
-0.12607792155104028
-0.7655803848663372
0.47162705105802977
-0.39037507525568915
-0.3324502284876462
-0.3594262417390787
0.0971755893695971
0.26901352616972984
0.20932280492844715
0.1922166333417652
-0.12553327782157317
-0.4754617320397235
0.11413934856589014
0.4181400501109387
0.20010439408060243
-0.309928347504416
-0.2675092298444285
-0.2116680435825667
-0.5308290226020986
0.16982735895736628
-0.36721937298305923
0.3763357662728358
0.24888117344523703
-0.041626684521902976
-0.004323728626168377
-0.494074102064806
-0.43968001455706096
-0.08847781939195003
0.11432165330401856
-0.2628198924579238
0.19070438192673783
0.06690392320811402
-0.23291983792411272
0.3918913544556422
-0.1283940498710109
-0.16011194226376207
0.2673604399459301
0.19635269491381577
-0.1800927677217911
-0.029592928849697768
0.07163701161951688
0.04146934298423283
0.009533681343810696
0.04022331406420428
-1.1978991573002362
0.32813329230810806
-0.22608408754485057
0.2868897273787666
0.3114072704257081
-0.48349156541627936
-0.06551117274993128
-0.3534669202166067
-0.46393926126164187
0.06838571674396884
-0.42960041863355114
0.238168992214513
0.1515118573576082
-0.107658035834128
0.10954534492872843
-0.11478272194083232
0.013580298731213058
-0.013767514860701612
-0.6061638541239505
0.4287902431618801
0.2016881861357583
0.05749249710050478
0.06019246163733134
-0.10829170807950461
0.06227300345736131
-0.9084683911346912
-0.29750417229892695
-0.23933696055302384
-0.2725363187401767
-0.11944596042581312
-0.013090265974582006
0.28301905670319455
-0.13935981038099393
0.21975365172046774
-0.41364176676304815
-0.3421907491682227
-0.4093591038053125
0.03390903866429505
-0.24620660731956648
0.21837699364447588
-0.05154792635480667
0.1735644254363618
-0.43048887889063703
-0.24797948916673915
-0.14268299822857672
-0.39578143989642495
-0.09458042506612956
-0.5292781959464137
-0.02974788276923877
0.2561102936326059
-0.3844226821261909
0.20247718967629874
-0.013800467665544153
-0.2786226449980939
0.2649512095615419
0.2986344423812247
-0.4014200662923072
-0.2464270252395889
0.28611788775854957
0.043175706994135796
-0.42283341376848094
-0.7776644468401028
-0.5734945767968875
-0.12611861549525244
0.15841817615875944
-0.654971788778737
-0.4776259756025474
0.0644488212829019
0.08081310265889967
0.08935405302137012
-0.5826878762067408
0.12673020273307783
0.19154724365794087
0.20176932942735806
-0.35885399781996996
0.20201298521199113
0.22327855405103064
0.38521975953575593
0.07952463544201403
-0.18684344693644858
0.010486836721950544
-0.059229571029305164
-0.7607540077846057
0.166748288284175
-0.33793873829318444
-0.5724105216273638
0.1848709890307351
-0.31839859433803885
0.009644044014014086
-0.07400918856892913
-0.07621211878372887
-0.07353350751178071
-0.09002291283570638
0.17113323349537513
-0.2290584351788818
-0.2453090009222349
-0.005921082695636346
0.19328732178320027
-0.016402511724606744
-0.30858170728219847
-0.2392504446241699
0.4412556793610468
0.36750454840903735
0.22154422146263125
0.13248963954952403
-1.085759700840844
0.3839105195452393
0.06597206731950485
-0.2162601965605387
-0.19652630856412337
-0.006649301849216083
0.17327330888858813
0.005158144757838769
-0.34786530214692085
-0.044669133134990165
0.18791983375140858
0.027469008532547735
-0.13672751991914342
-0.14072089072810595
-0.07885392481055077
0.34623781516617474
0.3191372014074331
-0.11482935782738846
0.2559081021654753
-0.29279881905802885
0.34872876837846145
-0.6945246548735169
0.04652234646693186
0.12839677651533649
0.2788993624077261
-0.22581065842135956
-0.4034854239565
0.14527105332076107
-0.26634114870769743
0.10186797444818332
-0.2677145819550656
0.08918546291248416
0.35994502501928904
-0.5057624156101874
0.3824712178857107
-0.05146978171078932
0.39137199171017734
0.026496993393980352
0.2709478153506669
0.19641092850739533
0.1780742430002981
0.13690724934314286
-0.09107737118463197
0.14456147229531105
-0.08195589913773875
-0.010026300003265664
-0.05302504710711533
-0.3372842025235239
0.02715771122178038
0.26210571822638956
0.4282824723354054
0.47958330034358054
0.41047506118719534
0.22473893224082406
0.16742180638484616
0.07176681581778102
-0.14938869834068375
0.19270282131723376
-0.08172402022982664
0.2339321135488958
-0.04530616790861665
-0.3190647168540565
0.2555012134098706
0.09715519799640338
-0.06667480902501437
-0.04204318210524569
-0.4348451861534895
0.03631330184664099
-0.2064093233427342
0.023334718904008865
0.30264406638972374
0.18659514343120592
-0.7027005545755998
0.32931640897907505
0.02943379422699475
0.2409859901898718
0.23960069115210142
0.2944145672938609
-0.12674015092549684
0.17318148479316992
-0.31511265552937207
-0.2906477140282811
-0.2650634990429911
-0.8522637160773068
-0.1124583150458776
0.3421594421903443
0.01430192320409963
0.05457452787246371
0.14218365267813765
-0.11249252415913431
0.03604005996239078
0.32190604518424504
-0.16801278174987416
-0.27046068119571803
-0.33741943180725287
0.0037093714815989304
-0.20734127971438868
0.048357269243283194
0.11724859945396078
-0.4881501819830033
-0.045622331283403275
0.2448418656514285
-0.17808044686859106
-0.09345960380059296
-0.33093915213362035
-0.21481983129178417
0.26218789749427485
0.06952985525687432
0.13987902966096225
-0.5772040334730317
0.25764724288699026
0.14904724095701538
0.010169117670411527
0.20534171774039695
0.000644560702359892
-0.4232915704256257
-0.7064580387533728
0.09153563481477348
-0.07849115846623664
0.18943851243914933
0.310259945262188
0.2206870770740021
0.2399847344326978
0.03507196780218016
-0.31770506213231164
-0.4889731485116105
0.02526662791555111
-0.2362695225458765
-0.7343975073511307
0.052756290633713544
0.00906274853996456
-0.26023123346752014
-0.056631019598936294
-0.11982186046039052
-0.11692385629408888
-0.04383111951571589
0.13114579880272312
-0.3360040573222122
-0.35387233688628383
0.1670633624787023
0.016812615131722268
0.35514687220070373
-0.3555496205489953
-0.3305054278176932
-0.5856506421859322
-0.8909405100677823
-0.05142729639513334
0.37245091793159557
-0.5098530620967929
0.15891737820813673
0.32070808607147444
-0.5589959317352425
0.2780361204994694
0.005628184657730845
-0.6552572843330496
-0.4630982553020776
0.006032788616731377
-0.019221429194510906
0.11470172365289102
-0.1165180129026614
0.410762321027316
-0.9313811841910749
0.35453873306444855
0.12141148923685881
0.19576784416824491
0.03212533917854933
0.12339158861602544
0.42738618108781423
0.07055164818727497
-0.16672026714369698
0.20795086906628807
0.23376418609480104
0.2152610348741774
-0.05867115773798267
0.06389223695333138
0.025983772881263145
0.2527855224312312
-0.07472826141356222
-0.04990272689888706
0.13808966662127617
-0.23534043615264982
0.22887443623420597
-0.01686716210271878
0.1904697454401579
-0.06165833653883497
0.00876180942455942
-0.24712751018732765
-0.13030600643115436
0.2374152219689308
0.08213753945457981
-0.08513330365181743
0.002479696889999894
0.019566499642437996
0.03525398546193579
0.0968437741351573
0.3091366990422084
0.24352555743736498
0.05788297193281108
-0.060419753423491394
0.38121878990315006
0.4278910546512094
0.257373440966049
-0.7854874041622371
0.20258614026346516
-0.18139456636583465
0.17032648521280364
0.06959118358276475
-0.227319154299615
-0.7337738246085979
-0.6386063649681138
0.11702447389502521
0.038210878297789776
-0.16436827864439846
-0.18963458662785646
-0.2555233861809534
0.009322411577014878
-0.6340657185421279
-0.05780470676161342
0.05279496201248905
-0.0020932664451280532
0.13813592544090475
-0.16667108318310586
-0.6626768854903051
-0.5914343912348591
0.6466938055564991
0.09113050101610495
0.15003064067405886
0.12329953457220758
-0.045735447212062054
0.07577871593316651
0.010849323773786357
-0.16450462849218564
0.37143021709074914
-0.19167398019312756
-1.3750973682418155
0.24724792116789002
0.14256177190858163
0.24678785802179734
0.1390233491746418
0.3738661753947775
0.0921900739979792
0.20997443304279623
0.13505498097198443
0.3008932909062058
0.2624854800901097
-0.5319111105509142
-0.10628725983198355
0.15157819797729669
0.05755028894737966
0.23894818767598475
0.4645100064907262
-0.08704436902750454
0.1532538766550654
-0.34713975339682807
-0.3176764467713379
-0.4688101643964105
-0.18827013873027015
-0.12002228957755037
0.043771265982930685
0.4573556976618322
-1.0473284644994312
-0.009580190334920288
-0.32556459223135814
0.19799258636509406
-0.0023212342341782793
-0.08962242149505548
-0.1674657379350024
0.22381742354525405
-0.0720448437322056
0.02478579116849976
0.04768837998452358
0.14368075199738456
0.16121331214914397
0.3553980664221206
0.2783903176629808
-0.5359642970302045
0.13682725502005416
-0.6523998425602037
-1.2678545816444045
-0.03703778871457617
0.43374582650697613
-0.3504780292804765
0.3669391174643014
-0.3356344614442723
0.05440974747251822
0.1301530244247568
-0.14805837796484428
-0.045836494589084564
-0.21333955465826576
-0.4089555544448582
0.11622905030605254
-0.5575825733516971
0.24238002061603262
-0.2841901879697809
-0.5332322356846937
0.3915319154622667
-0.015066241373714642
-0.2818166758516969
0.22458796834904776
0.46787297435659203
-0.32134446612090795
-0.3740884953088105
-0.5162759747960516
-0.6625310338188671
0.37758337780659135
-0.4115986592058148
0.3099980037405284
0.068960475604117
0.001679420230159341
0.08041474016970022
0.12193594803018451
0.2680172244343032
0.32281137247315034
-0.11884892391706844
-0.33340015923237215
0.015124044630533897
-0.1728177583719692
-0.3659699130438576
0.11126731988955962
0.0770418312319179
0.021079505294676643
-0.0776712721206985
-0.287661135995051
0.18070908744150818
0.19431629719483945
-0.2989310738829388
-0.6325409800732611
0.32723286898717946
-0.02978787883433699
-0.15466524592994815
0.004328061402377048
-0.21097145736325876
0.019935048485157245
0.014509230979491675
-0.17662005971893607
-0.583169998152367
-0.32303307963262445
0.060883363330203985
-0.11794490941209335
-0.14354063557108626
-0.4449659686150874
-0.2277319472406505
-0.046273551100073494
-0.18055722062624985
-0.45913419816858025
-0.059227528226662315
0.022125698028770964
-0.10051951915511773
0.1705040430781596
0.16576090484006195
0.09463184256731141
0.031699561295959786
0.00743985760175545
-0.021205674694513028
-0.19601860329152043
0.021586946621360605
-0.04111304492549451
0.244400043797642
-0.13791252559142606
-0.22676486539915985
-0.6197969348101404
0.01839980619626146
0.04506395912200907
-0.38322462407210917
0.1297503752988353
-0.16904474661056207
-0.05071052988969569
0.14188058654769914
0.5537726190893124
-0.5211777357267385
0.29510216986277005
-0.7032419076325065
-0.4386594424893552
-0.30799933914513933
0.3496870506802477
-0.1652971598208339
-0.18475170463330995
0.20296491193819674
0.21866204831372604
-0.11766368415769628
0.15318724854927573
-0.3660106633568343
-0.4991593646046103
0.23443693543453578
0.2864557857566418
-0.47202085895489904
0.022316989977400756
-0.5681579849435182
0.1907018068906062
-0.005717952765387913
0.11378758531769122
0.10434305171728273
0.6062476022754901
0.1310139248323676
0.1202110146380313
0.2284600345794558
-0.05423784763662216
0.04598429407087107
0.35938785395972384
0.29504922373782894
-0.26144778280866043
0.10963883578125141
-0.6139819254111949
0.31033429579455823
0.11432919972988065
-0.7052733612314767
-0.04929910457509097
-0.3510540182360026
0.037540577155422736
-0.15099615220395254
0.008181250059162837
0.11192713493118692
0.2926274061590224
0.07601360304386069
-0.6293667429031303
-0.49065811225474454
0.2060695727559622
-0.10415590334336586
-0.5643972494676877
0.10092713555481772
-0.5052950054413528
0.036118742726444227
-0.3124208974856061
-0.04711920885198393
-0.15726268617615102
-0.004431228315037672
0.1585993570183713
-0.13841759561030798
0.1380949232366548
-0.3170537821387913
0.29091965698721756
0.139525944635283
-0.4940214601432461
-0.0702112229625489
0.3025841591573309
-0.042790740889286735
-0.6307289990574876
-0.10254016439794242
0.052020849862601484
-0.2913406458506015
0.2952971230876055
-0.6297391655687572
-0.323910732662782
-0.9072996197480636
0.2356098602826852
0.36921636254350737
0.21930618530221987
0.1376075933771294
0.12632886560452833
0.04578623492840319
-0.22434936711593972
0.08961295751282514
-0.220701576165441
-0.2837305335259628
-0.43137822364583966
0.3441855527076262
0.2914229233084124
-0.11577906360722309
-0.3940898925989501
0.2867697606321145
-0.05236808272849007
-0.10214278483645382
-0.37070843100416495
0.011732579034081047
0.06609963925725312
-0.0025245978889509003
0.12596670475715302
0.24823828606116954
-0.11258126607539205
0.35116289242064314
-0.13822850903488199
0.3000858898006997
0.2250255751353447
0.25156296098616004
0.07857625872029432
0.18158914675076515
-0.18017381710285602
0.25233728484789053
-0.40545417671477973
-0.7778259580838276
0.12190579242186998
0.2297716971538996
0.1037910928907499
0.16624979506057463
0.0035527951172216314
0.2941238583498721
0.11362964253992394
0.11537438544608761
0.09168670380684295
0.28183965434553293
-0.967073283602299
-0.3012998555639398
0.27198871726798635
0.34368502851116134
-0.03455141313154799
0.016719986284047406
0.16834762348744697
0.39356210879087994
0.039447702030424345
-0.17445785893044247
0.2945331896448332
-0.6354883009527406
-0.22278062817250613
0.15523919289226673
-0.23453526581841294
0.27473042603514936
-0.21322787477636207
-0.35670109733849087
-0.7555827648512666
0.03677075152875847
0.34550293988582115
0.2268495269975786
0.3060308199764431
0.04194433520032672
0.038658787215156955
0.0636334430060723
0.14894322790749256
0.3285192966784801
0.04978282824208095
0.11177180912796089
-0.07618912551312772
-0.20256468334120825
-0.01500495180632615
0.2286880545567805
0.11405534309767076
0.1762794127729324
0.30902917712363936
-0.2533092879969502
0.3830310169612844
0.3394526137511008
0.12030230239773014
-0.2285077878050239
0.017339842695214953
-0.09705676130256831
0.20315554338621053
-0.8658265850975478
0.004273837024178983
0.5134253931835102
-0.9202684077610959
-0.3639861697415369
0.2994774136058981
-0.09084230550508957
0.19669193505276386
-0.3842993773818516
0.00613399304790231
0.2326766641929973
-0.6825956109371589
-0.019073874866387664
0.2151301968684362
-0.8640966327299271
0.06383978217708519
-0.016299193835877756
-0.2233442187126581
0.03582075605942928
0.37200299426559347
0.20806408251980998
0.297687322293608
-0.31246090089384393
0.08371175763949626
-0.5453232104560686
-0.3177615019924671
-0.07070933392421692
-0.5190758584458111
-0.4234658282534659
0.21217871635498664
-0.008670465629389053
-0.0004229813746418398
-1.0363063630793294
0.1290174161864128
-0.5055747449271768
0.2040625508738591
-0.45945460605622923
0.1511943614927184
-0.07366807206591527
-0.5121960825044714
-0.1858235288955074
-0.57572165487519
-0.026814866435210895
0.15223657958496362
-0.14756458042016923
0.03924359329832557
0.09080752762189218
-0.266808471140979
-0.11194583262527988
-0.14774899728339724
0.3643706478433649
0.2961979176987188
0.14680341612862738
0.0231510534768065
-0.051176111989051844
-0.2479502117578444
-0.19000424592708842
0.42940220792529027
-0.7156996586991444
-0.06818483546245789
