-0.032558502527592646
0.16951172078142238
0.01877961117668455
0.5864828184326774
0.31929171708412885
-0.19662583161651281
0.19996055732669224
0.46524244123306185
-0.09215531217039155
-0.2751663527674789
0.012778385558095596
0.04225000325084632
-0.2973556225417223
-0.009117325941577503
0.2001869273076103
-0.01319734046543442
0.19853624271804277
0.18900981247326454
-0.22594479441123538
0.4063267740437194
0.28668024222461186
-1.3932968010241285
0.19220244052587757
0.12595083142933663
0.16240866448135444
0.3887170386965807
-2.0132913529528738
0.34045130986216565
-0.09822998750277143
0.04265945440312714
0.232751001442066
-0.11586180987607175
-0.06305037932819761
-0.2217064674441141
0.03882303962922826
-0.30320057604927947
0.09840243080868254
0.4244912574259665
0.0548129729989449
-0.25847363281555225
0.17295004201296355
0.11027559886273083
-0.33369910386476376
-0.04444104700334224
0.1074725826746393
0.21974956238583615
0.18252759284388922
-0.1183441080476905
-0.21205599073839632
0.2663506001606386
-0.8666531225543646
0.29653992937088147
0.07554312965500465
0.2746562354675692
0.4302030869246775
0.32571717226341923
0.21322987586644068
0.24727842346519643
0.2801717828421134
-0.19018791920426206
-1.6721842760372532
-0.32172269962077876
-0.10428636387477934
0.34183147022343624
-0.2952995594110136
0.11166249864257553
0.010231078844380103
0.18035761256006574
0.33722144873889465
-0.11285526332969356
0.0005947597634962526
-0.00997949501867076
0.23240199509554893
-0.7327132447459207
-0.290608714378899
-1.7574397863785531
-0.14334160045051061
0.29950372581793916
-0.06340253376043686
-0.18828808277066905
-0.008053813674375543
0.12315435505221509
0.18223181170918007
0.11147327486663969
0.1907466665875827
-0.1388263681711741
0.17158323783662072
0.12941726516018
0.29915694651872055
0.10412944661089836
0.17144804625041057
-0.34461772901642507
0.3341694711203263
0.08182926110022808
0.06354427223961145
0.35155893655803383
0.6596505713004969
0.12708533483311898
0.3118231757799469
0.3256265822569705
0.2622531009993837
-1.0238452575332002
0.01975255170378972
0.07220855460424945
0.07793559683906053
-0.40551649355130265
0.02761940347665611
-0.24916819903623852
0.2323313838016416
-1.6723129983538965
0.29228317508068147
0.10181125494681662
-0.3531344736899714
0.4115610329722035
-0.7193737596547345
0.4388970651785623
0.16357033542378183
0.2136570691905965
-0.18751631138848446
-0.12009182185160425
-0.844942178108315
0.07191367638751663
-0.005303961697583248
-0.23405374630447368
0.14622594889539473
0.1385249261103938
-0.21568509109912765
0.22685671536188914
-0.381784182754593
0.19524067563318037
0.2894237873444039
-1.7588823064344319
-0.11251397488837411
0.30733993921037916
0.04921021493655513
0.012111767422861653
0.1352724454319157
0.4779743982003679
-0.0768685440445684
0.03771711044630692
-0.15023696677066828
-0.23850147517192166
0.4006350443679616
-0.4422621977610361
-0.09094015552325745
0.35829814961735973
-0.05256523618915683
-0.06495432955025404
0.11010186870405954
-0.2530679617085726
0.0799205493936354
0.27933758793398067
0.22896229031774334
0.06930226307497338
-0.25511280894287836
0.025107360915860966
0.2876258873793998
0.18357264232609918
0.28827474913141704
-0.14007131763728348
-0.06177202375760458
-0.05407708760583052
0.20294223936101852
0.09404502143252544
-0.7415030903370086
-0.06707729329646786
0.0038048115420433624
-1.1866648250013423
0.026171816595964396
-0.42427657830203785
0.2215839115033666
-0.043970356227826565
0.5494829369962715
-0.39111457868245114
-0.012820513327864502
-0.2918412560934951
0.2800647883696007
0.13445882042071572
0.11724474805952687
-0.08371178575382093
-0.15848585767315887
0.2691191182006629
0.16678961225830838
-0.6222044574812009
0.10544085555310638
-0.039398323117565456
0.006699324902247899
-0.27697626574160183
0.09181093642773747
0.06205023550773967
-0.5144034474900526
0.2505853547576521
-0.3153873055791095
-0.08959455723523664
-0.23638945495909464
0.27859996685797983
0.08377550520297063
0.17932163570823473
0.23887547150192687
0.21289953735672068
0.3794728738561959
-0.049062556906259984
0.12667530540775368
0.1317379189384437
0.08103530122216698
0.29346293929919043
-1.2058484929894269
0.0058812825253219524
-0.45846046279491376
-0.6039667889507354
-0.1525747885655216
-0.02170842269883109
0.2068026659946236
0.033166004385912114
-0.35213402401434374
-0.05053337319943393
-2.3792453770387354
0.15015923932794692
-0.04080567447176127
-0.049398056423070116
-0.11319434434556097
-0.13456036927220857
0.1080362533463685
0.13246993800916218
0.047312849771344735
-0.12870442680505154
0.047853023947294335
0.02221777866759117
-0.05114983080507311
0.2769285961619662
0.08924443524140115
-0.3204509807219715
-0.35403574810753896
0.1192404298133466
-0.01541352137124519
0.2939020052417408
0.08600954720324525
-0.4798016633322789
0.3369204117624359
-0.05758728689216952
0.10686190562505223
0.6318960877918987
0.11581704473864314
-0.41575728753354496
-0.18370941997658508
-0.21806027198685268
-0.2703266955654137
0.2910382653128103
0.21280734616548602
-0.18285000135010115
0.4693636755062055
-0.70464457765066
-0.7707929647307837
-0.8264101246251538
-0.09040906062131755
-0.06196602581779035
0.15417868099423088
-0.7851148220212425
-0.6669192994591109
0.13012033347050123
-0.14839670020265935
-0.21094590530117077
0.1740077693297863
0.2603415794479643
-0.3873681452311079
-0.08259879837938586
0.38455686131024597
-0.506116988850138
-0.27048773604327947
0.07665596792664517
0.09665331386777766
0.2131733249933589
-0.3781025062652438
0.1628118554213886
-0.3231819896512992
-0.5413101176615227
-0.30516967277177776
0.4955298029475417
0.028057781994768317
-0.2291271844772979
-0.7062055004822563
-0.15669112178114714
-0.13533053333811412
0.13876807807717148
0.11031452468223513
0.08572646764181927
-0.35515129593402717
-0.18834558500440352
0.11385144929869347
0.04891776132422163
0.11106309013445533
-0.07151954563536708
0.1347307739280264
0.24383194974421407
-0.2517335168536432
-0.05156524544480203
0.18452563667535665
-0.25389066627677737
-0.06119026035100965
0.14472378520591478
0.0783885040188167
0.5558639410505635
-0.7327113881023349
-0.08549350143233951
0.27880728883892203
-0.18803604199971008
-0.5323380670938513
0.004931849328397747
-0.5057979084102547
-0.3756080698697254
-1.1823819062116467
0.033802550414837804
0.3164336876377155
0.04720944132959287
-0.0650375701776729
-0.1807577965847133
-0.09928323273062886
0.21982315201478472
-0.2050562359160546
0.19588322826813265
-0.7375574919595034
0.4194856721313034
-0.42249386854910587
0.09633845063214239
0.12709329933098806
-0.4502477135799359
0.31645266880254075
0.683475717361961
0.1631926530472034
-0.06006488457818808
-0.06478909850099804
0.18282181184829444
-0.3951974685722147
0.17681119069953638
-1.0678298180972645
0.10091338763475796
-0.38693384852851403
0.06427979983751171
-0.2218470922038993
0.13640839958103537
0.42240904970671506
0.0632615350187881
-0.2861542971179702
-0.007674931477216896
-0.7436334208429131
0.19158002904795332
-0.16215311921478542
0.14993300931940978
-0.19315478685698997
-0.3143055928363971
0.29153852614004305
0.1447756774160765
-0.18629470388573993
0.5943120389443308
-0.05135619074530934
-0.07330661100355615
-0.05567623177169469
0.21328172478481372
-1.8753357435995721
0.2537552035076315
-0.060204841748930205
0.3584605520328509
-0.005904929910353777
0.05105716516840325
0.2686314862796687
-0.1296141678813186
0.03596510092025941
0.015941611501612163
-0.5537682778092774
0.07366740573027213
0.2563214057041342
0.3484736780043092
0.055102449330836814
0.12780677189019246
-0.2097988709470091
-0.5389801562752984
0.43424317208902813
-0.8223765120324339
-0.3753534483746477
-0.08826865008265852
-0.3731987548360676
-0.13028984488657663
-0.03422402883896941
-0.9486311157895981
0.21466568169536976
-0.24845394560234296
0.2726327707669679
-0.004699755332212186
0.3923223572136446
0.22155460521065828
-0.21752069134177718
0.16677999703290058
-0.3017551643288547
-0.2565048221915826
-0.10219731699676723
0.3331050167941748
0.0809345186674085
-0.005602371798989231
0.4952484665444964
0.2653454589315966
-0.1933413719898359
0.19008166622341566
0.009817013608196203
-0.03897091224652308
-0.35972854797348264
-0.25561376628091753
0.20065425055055308
0.01354847148415556
-1.0521536639575757
0.4113984092096084
0.14054071087175948
-0.21266011025573248
-0.23116800109310387
-0.1918336400363903
0.3830402079384679
0.3789789559922142
-0.371943644365605
0.18643660641417228
0.09201288856233873
0.2679490030216007
0.04299897446231984
0.2828205257657732
0.3528499220200695
-0.23950490423067955
0.293613109319656
-1.2607566652132933
-0.5219207511285591
-0.19358769743182508
0.25482345590440664
0.03660275807191263
-0.0034891881520742797
-0.11664663109759901
0.144664861809529
0.2003551896921106
-0.5035525526452049
-0.06742386672088782
-0.12941578289539482
0.005782333861157934
-0.010432903558075102
-0.0342950243592139
-0.2580839581954309
0.2414839453163648
0.07135773487139752
-0.44946366142264915
0.061326645979646946
-0.11172865557266529
0.31378518737169475
0.764696183721461
-0.3709607082698332
0.3043658926020357
-0.17645502400503804
0.378403840137795
-0.11800460984319538
-0.2225981043226822
0.18831683924276488
-0.005558713310133257
0.09575101267021564
0.1293376993992442
0.1991450194602949
-0.1308171411510248
-0.134002439500653
-0.11985352911178863
-0.4398998881944577
0.28040783360932287
0.26352499245829486
-0.2065573512984848
0.14565862787986658
0.13736469513065047
0.08205908401821062
-0.20706400701181554
0.232001596156214
0.2564839868176934
0.040320886865798565
0.027301865734272724
-0.2888374763675627
0.010878269064338902
0.27765788964077465
-0.01248446353869425
0.24272157893282936
0.057124924087665084
0.3070154646175333
0.16596928653801743
0.028103450126677875
0.13682485155199225
-0.7335269841782205
0.5298948359078872
-0.14560665801581535
-0.14339384408122022
0.3283474131996421
-0.022690942237745076
0.2907275192381126
-0.19116651607309526
-0.6444387006331926
-0.24101132514607135
0.015992582228360256
-0.9316696412038661
-0.4042295881527697
-0.21747862172171728
-0.09205225312636671
-0.08308689760264817
0.0030291177659117485
-0.6131921619870145
-0.08544302569719874
0.38506635038348724
0.2806237022254258
0.13295720411953138
-0.29014409921518325
-1.8276849972111333
-0.7293159248570285
0.15280813436936355
0.17899631460809648
0.14035339603112917
0.19974095194307614
0.13947700670130458
-0.1170943369926825
-0.3693731173796776
0.1424574331018298
0.07660736832604767
0.3721209871281614
0.11320477608131874
-0.06926148362242997
-0.8862443754241977
0.2743837936770628
-0.18715163146299676
0.035534036454127414
-0.30821008006422307
-0.21665842933273294
-0.7571911897350286
0.14931246480065302
-0.18079591887831964
-0.20708866074153892
-0.004686701445741878
-0.9062938627776417
0.5924145645610048
-0.04204761743379014
-0.5047478674325971
0.2799837937656774
0.3169241868395121
0.041055344136019384
-0.007454093266013584
0.17427478068140195
0.07296296652798151
-0.3338327030516594
0.2569795517831765
-0.4674585997527803
-0.7564436228364494
0.008904952976411478
0.2869493482157751
-0.13889528822853442
0.0622637339275333
0.21081686794665147
-0.39595808853451964
0.3568038592187891
0.22985779024675446
0.040896445888822366
0.3013637417179718
0.2957814310007073
-0.23223960468958657
0.15172203655853828
0.28604922355859264
0.31492706106299295
0.1328239671312383
-0.1821167344405476
0.060548849773668464
0.5099641777558725
0.20159403761546732
0.34510686654565415
0.17005604912270714
0.0032503408129921805
0.16251768077498896
-0.8650518390659908
0.0821378764093531
-0.04488284728772394
0.18486032473427608
-0.06494401531728118
0.2610491269830728
0.024482293384795392
-0.36885956965383004
-0.043970356227826565
-0.4510212577335248
0.19537965931312604
0.06729854913498853
0.06953896559798942
0.20421879375764235
-0.0791697172108022
0.13251122324793954
0.2472864019563727
0.290414915567193
-0.2514169228200581
-0.4104240142380342
-0.3083489138187267
0.23503773199350184
-0.2674548244282234
-0.5400620650393642
0.183832013596411
0.021894489028042367
0.2444001527739986
0.15762561979412734
0.2313794424325566
0.22889313800077882
-0.10298991012215226
0.09776440699166411
-1.0281678655927546
-0.31231142484161584
-0.2314875686660697
0.36557386596853275
-0.3129556391465371
0.16300875778914814
-0.10100812392787635
-0.2119912132823673
-0.36893713945377565
0.28361222327273555
-0.11419178626891176
0.26778574125791743
-2.0309802198875455
-0.0649546598348981
0.4325059009205313
-0.011725659933046337
0.2247835075130679
0.11373828946884909
0.16260922051475518
-0.245492294480327
0.34898335930548585
0.2122355903212084
-0.16947431975180366
-0.03573304160615427
-0.09477592069182736
0.18879517100825433
-0.045463603410408324
0.2263241208904616
-0.29293586300480934
0.3943470876314484
-0.6740843490251166
0.42512823794142146
-0.609429095733556
-0.16390030230800914
-0.8142678097233104
-0.13042908320518087
-0.5723995770395816
-1.9438434717701984
-0.5267246876495238
0.2566435420205598
-0.23992646940015544
0.29434158813081623
-0.11549943228988928
-0.08696698798201377
0.1550078853852252
0.11210476046486706
0.11700324233355663
0.2481966201172713
0.47049166741530035
0.13631100926452225
0.15526815176931252
0.16564482595423918
-0.10960075581175306
-1.726926074974342
-0.24227193963842222
-0.10138007194745065
0.048943400897391284
0.32318352774062137
0.10801870389126775
0.1975977135167416
-0.34574707666718696
0.316372281382707
0.5480342333173555
0.3345682985697228
0.17422271076658774
-0.6221655265708859
0.18802284346691972
-1.13410181478702
0.12436923315649409
0.43973768584611894
-0.4936452831425915
0.14664326525488072
0.13148574301476906
-0.8050921208599735
-0.4327578334991234
-0.12426502206615835
-0.3362400234181256
-0.057003732482976396
0.1719722276045098
0.08681010124999403
0.24315016098564918
0.21977832658623062
0.31094974360822536
0.26458539453658025
0.05327251141000242
0.39208093443878755
0.18454561482242782
-0.1071176490634123
-0.17462530950741334
0.37812320762996643
0.018860280852732413
0.08135875562174333
0.1746984700126091
-1.2624040840360131
-0.05907250672454206
-0.05703862393221827
0.07092552253703317
0.26657715745170935
-0.15314261548959585
0.1414044580699141
-0.2913104137169471
-0.377178854939452
0.23979892576436876
-1.0353972760531436
0.16922025399483318
0.182674768219223
-0.9463868049302198
0.18216749777440025
-0.10203921168063124
-0.08994251734090959
0.029252758657683786
-0.33815403859284815
0.3328021065601978
-0.42663227315429636
-0.3670625804909739
0.13357467030693762
-0.6319774875864159
0.2685595294032825
-0.23363505939744286
0.3111298415428395
-0.1660351028175507
0.2095259506161701
0.21742077512800084
-0.43213139818082613
0.17113060342774583
0.17782232406960802
-0.8961209980933404
0.2577767509247713
0.08872168110239136
-0.229872502522578
0.09603337241644767
-0.6058008188643813
-0.3759474562550862
0.15448826872995747
-0.016379877927626872
0.09614477346943837
-1.2128124488903447
-0.13083888746139066
0.2109465784592463
0.4588372716936588
0.3568997052487143
-0.08706443719019737
0.04116221339975886
-0.037139373860267215
-0.5778708353299071
0.21732996067373297
0.05149541228328262
-0.002579454992723056
0.074710757200751
0.11107625511557248
0.05147305475297035
0.054043027397552866
0.21524039832339378
0.28701705693709567
-0.7305086518204666
-0.48608682244473744
0.024955012567659772
0.17548848841781375
0.016856077071498707
0.024089736107945688
0.052880201222161624
-0.18668868046591883
-0.22716972277833372
-0.9445527235458296
0.0002979606900527787
0.12383422443142611
-0.3483494239103607
-0.059903305200275814
-0.04396596314350017
0.148594397744779
0.09796502092997747
-0.06767609446452755
0.06530946907123751
0.23957176778711947
0.19504162374860246
0.04222504776203137
0.0411429972156311
0.21621946068266795
0.1388158363684698
-0.008841237701839815
-0.15639640283593828
0.13484868849281714
0.42545923116424866
-0.0118396754712068
0.17112647989276902
0.0023116725805615
-0.46957855288848444
-0.07117196679686684
-0.05137591776598185
0.0017612369371705849
0.37768296760441566
0.3235411108486613
0.0725178649863547
0.17424966517299084
0.1554608315072042
0.13045128138055254
0.1425963735023473
0.15143122206130039
0.36195244177625563
-0.1245067218930916
-0.1302356098801606
-0.1904740571182667
0.37023561464733035
-0.6964928228305338
0.09794335501110987
-0.0949523242992928
-0.29396910815761174
0.26525701316824807
-0.6524908910504711
-0.07483688443928944
-0.9433923847898793
0.2974546285180447
0.3096593079937135
0.16558159159303215
-0.4605400443320142
0.32974576779143033
0.19435147590172053
0.12132701514315017
0.17907662832122156
0.22948569444309844
0.040514557149813835
-0.17371118034982763
0.1856047260389181
0.11917847099904577
0.1111503935219097
0.3700261561389067
0.1541943618036535
0.3740652935028834
0.027686989598357914
-0.03345732829159142
-0.07450613153414012
0.35333719605727226
-0.13154371680648275
0.040165387343421635
0.15454267187172102
0.04645267821416646
-0.9486435090041887
-0.481418375123539
0.14379350808822428
-0.004519783843587821
0.09428126599364464
0.21232420611536035
-0.1280735236963348
-0.13365960078871697
0.07165138191763594
0.2341618964330774
-0.2729745629450603
-0.060086598681524675
0.12182277033237801
-0.22511547917361246
-0.6796492316343887
-0.2531531235695916
-0.42311440063509603
0.39922804768623876
-0.3516523395240164
-0.23818275444362236
-1.3396897315739
-0.4983105726677971
0.054511122881857034
0.3233617105276978
-0.2794496044801647
0.23646399198817175
0.3604006484924792
0.2659698643555436
0.06904784769369401
-0.010101984057049557
0.2867650689169785
-0.03451586996645939
0.15127631002537728
-0.19925360310171636
-0.9813525487062364
-0.3461201854203939
-0.8142677116076922
-0.4277154812764904
0.10254928493034446
0.3301918483767128
0.0513979682769935
0.15998586975094903
0.20158512879936943
0.2938746175740543
0.0603779120163175
0.3372071344351042
0.16976563044972687
0.2563046660108514
-0.02981218573582196
-0.2961082199871703
0.542103642680577
-0.01854334369631001
0.13306641181348908
0.14492652317591972
0.10396576623044858
-0.0004373756905261247
0.0943707988174782
0.021842584780647146
-0.7754657535253584
-0.1311309534960754
-0.5069750805708043
-0.16634122730470158
-1.2032468652979285
0.31012195047700813
0.29275884466610125
-0.07667550744426901
-0.04270515125997909
-0.1464033255440515
-0.08645377189908718
0.11149302184643525
0.1308154694242484
-1.7747762067431612
-0.09661707764240737
0.006895038566583656
-0.01490099594929204
-0.14468072504081647
0.3354043419068072
0.11014429357029457
-0.08591360693765174
-0.2122721217571272
0.19582923893034207
-0.1657822754535075
-0.18753611539547946
0.2816165163481555
0.3524708453658889
0.0881533466093709
0.3572125778513664
-0.19535199944327075
-0.002261747527708746
-0.18486583960721856
-0.19021682229156428
-0.03659829749751364
-0.9343474368602769
-0.08084062932973218
-0.45692774620798227
0.2343724332962414
0.11996681402798437
0.4458331084482966
-0.1382827657458699
-0.04032603403405701
-0.3073179882807603
-0.2459352878365666
0.16944432233859905
0.3288536562786889
0.17960182231317692
-0.001928806661844864
0.43381713557275
0.08325832904085925
0.41067688965321614
0.11311176677161938
-0.09072503652328937
0.3947969234860551
0.08278041834840048
-0.2771851197560409
0.11240211979329191
-0.2951324579079237
-0.1842146219081719
-0.5283133824049636
0.20628343074859004
0.1532976422544984
0.22163306137883607
-0.004704575757038277
0.24707247648956435
-0.018331801803559766
0.12822882721442241
-0.0780714325914654
0.04849973014649624
-0.019903312426997843
-0.43741856160171844
0.0002737116899455772
-0.3994918954828618
0.23425221606866614
0.20839712566026597
0.28217399307618624
0.5689463365696583
0.016441383815208266
0.5401220634215298
-0.2241210718103987
0.20586191757775554
0.16050445160508647
0.1012580547938127
0.2936943733210319
-0.2531516059633599
0.1354085171128969
0.010067537103720704
-0.5524345972833186
0.024703017977979268
-0.1310897320299174
0.27093996709611157
-0.029153171203900784
-0.29893379422516125
-0.3594185998342848
-0.2193163980654136
0.17351621430583056
0.05206716787998487
-0.12277847214817025
0.07599635410809326
-0.41141645237029484
0.0848859216247109
0.007907554282599965
-0.010231481039976264
-0.021554096777543545
