0.2565329606577814
-0.26707455895102783
0.116573556821806
0.20207281370280458
0.09451943043723585
-0.06695949267597814
-0.1176843640178941
0.0210659247619502
-0.5131912761762571
0.1736311358889062
0.02717480208490808
0.3131213336375447
-0.37259826165531296
-0.12796872877729176
0.15839361195990084
-0.2243920873156781
0.5922723586649101
-0.26059640335027595
-0.47580409845084687
0.07365504303894627
-0.049037722610760615
0.3519282065380772
-0.029044782907877282
-0.17144769394724096
0.14486077640916056
0.04423044421289667
-0.1963741188188571
-0.05972967318208071
-0.5066614520412209
0.29329161451422425
0.24576080651002594
-1.0096780794888112
0.049541235321531006
-0.09156931013336851
-0.051461904783321986
0.22808760218778273
-0.0035186213400602378
-0.3195763486809411
-0.25636775648271193
0.27790134093837826
0.18900710562512837
0.05357458664068591
-0.3354514212594554
0.18301471980205464
-0.2844438315033014
0.08898719042355581
0.014994533828588763
-0.08603868124483993
-0.3637883701848679
-0.21645455712815992
0.46554315579408456
-0.7038212046485477
-0.11025794229438972
0.42367014289848354
0.11241968622338772
0.11347672322605587
-0.13051943909209257
-0.14968836516663214
0.3726855600227963
0.05317598109958823
-0.2798532876330445
0.17369486750784852
-0.053156570178178354
-0.6387751124582753
0.15490613084036645
-0.2687988241161144
-0.37386326433672823
-0.5178145575644966
0.01144846628238404
-0.8746564703188087
-0.44560761610547506
-0.18567727218246755
0.019410552381090795
0.1284682212302371
-0.23804551921342348
-0.08041035691055923
0.056837147170392496
0.20632363971593723
-0.19611837137837715
0.17848719962634815
0.13611978363141475
0.12734020063432333
0.14042194096432709
0.2343993520674137
0.1970934510891353
0.18624159463639653
0.09738708680999694
-0.1774936213495711
0.1372554237702327
0.04418056244659933
0.2033416246702633
-0.06255026831872235
0.03452110216166686
0.024128909155164385
0.32252836153141107
0.20177121961964328
0.24977807756494136
-0.6001118591627657
-0.09372368795869376
0.02340535452986093
0.2696882616636567
-0.19375658005130533
0.17800517155268386
-0.7155840869922749
-0.13417581150184482
-0.3747882681102796
0.05343344882321684
-0.889414174077304
0.4985464377951326
-0.5227145713412111
0.13900685033351654
0.2636346016383431
-0.17707378570833493
-0.28949515944205306
-0.08830410260357965
0.16786736495133037
0.07641949277577263
0.11616102760631877
-0.04538986627080354
0.20779118926478954
-0.1253477294159376
-0.28984774681451014
-0.10786671823268586
-0.03903435516048684
-0.08867087479735691
-0.06532800233035421
0.1586432313912089
0.13856285137499263
-0.03967173294759534
0.5252210776040255
-0.015853683076133086
0.30603640001042876
-0.5219363858444
0.24395377346882668
0.289973199387385
-0.03714236218928613
0.3265984708663581
0.13780131129163536
-0.27527566478387067
0.09463139859851795
0.12887659795617273
-0.1461585350838111
0.12471099054100346
0.32173390361653664
-0.015832185517185116
-0.13493711424398191
-0.1615163720269786
0.1966204882652191
0.05724031054169889
0.32734303848753915
-0.29878708240029284
-0.07528613944055408
-0.27428603413267183
-0.21093110719713698
-0.15577578499216746
-0.05858826699497528
0.26106935820893
-0.09500615150287259
-0.5896712341188587
0.01688007794637313
0.1920071377104366
0.08561721901026739
-0.7970076404855246
0.4811059823110332
0.014067416891661688
-0.01836479223256555
0.227050774804733
-0.01837831051382539
-0.2113455746466299
-0.12312471298574094
0.15749151631329522
-0.08969608329505233
-0.30402701993543657
-0.5192334649436537
-0.042874785102838424
-0.33209073443366793
0.17266564879644028
-0.09333005083357229
0.10839686923894573
-0.00446395884209938
0.17421674340641927
0.3242078547918981
-0.3440772184394622
-0.22740379612701714
0.12933194586430372
0.010919119571106794
0.054042334844898066
0.3257010384279589
0.2085670316294575
0.2349446609826626
-0.29867232219704387
0.3451067113046985
0.38319361371377836
-0.21599927382164297
-0.455746027776183
0.1867076419647391
-0.15339208070502025
0.2538382978071318
0.13797667375356854
-0.1210213901139218
-0.05780671330296354
-0.2889315854893365
0.1780374549589851
0.11666128561179812
-0.01221461474909093
0.02204887717201267
-0.559534201601586
0.09117818435863288
-0.06151726489969056
-0.6181286939850277
0.13474627664108002
-0.0984683444883498
0.16584923038685284
-0.08724036780272082
0.21139552060928452
0.11724026322956702
0.31863534690387957
-0.09763399014326146
0.09581620043962777
-0.5225586342111443
0.0873037841368794
0.05993868213391346
0.010832626893868016
-0.0840661272083026
0.23182496450781637
-0.07130599417129552
-0.2141779291228867
0.017069729541749967
0.3655826468949259
0.22723884126634922
0.12516047823821705
0.1865622322231331
-0.3740374430626793
0.054730501745598015
0.08790897341706874
-0.16125446001350213
0.10760343204990805
-0.2387288272192151
-0.403270229952548
-0.004050117598100122
-0.24240969658199543
0.6460570451434752
0.302892615392155
0.04968056100158362
0.21674672157818248
-0.9737078922687628
-0.12120622708802173
0.036281759945462365
-0.4727718885198815
-0.752650985340326
0.4363526530660035
0.0388873393720421
0.204914185285579
-0.09402674364997839
0.14357778751521824
-0.7278515555363081
0.04996803034826124
-0.1082523468926155
-0.46999096235041443
0.19009276367556163
0.2030862532083353
-0.34983087491217024
-0.3318251242654457
-0.20371639333628783
0.013646554753025536
0.2616861856916458
0.10256793067865366
-0.14202360242634252
0.016043968559041732
-0.4841477145285219
0.07847719408871442
-0.43752571824102426
0.053698268446592125
0.17982541543576075
-0.18171183683256942
0.5885515225462082
-0.17636413019011954
-0.5623326636392977
0.12579956235259257
0.2796129993172124
-0.07685568319384761
0.169198495763493
0.324620066604049
-0.08785660921775304
0.007806260816268841
0.08649851582645825
0.06766053612752498
0.09130185208536154
0.10013858194383476
-0.34529794726408725
0.34427530027280356
0.10117212641948092
0.3482385504740855
-0.09308844997981428
0.12820028136710343
0.22020325338234703
-0.01530063768865847
-0.14917374876027634
-0.06040672411219643
-0.13254812381237852
0.2268416836147969
0.23435685524498528
-0.4316464625893672
0.10300232039806527
0.17236542291444684
0.13774265606855365
0.22417627756272446
-0.17104861266101748
-0.024386800495467563
-0.1633551443495688
0.16281387307785244
-0.14903453904446576
0.49811291339751673
-0.24053964614523063
0.31093296491937467
0.15682002834981376
-0.5799776436095291
0.06161715065954905
0.2252044926225063
-0.42629685808007894
0.18288444993064146
0.19640410266331934
0.029468937016554647
0.19520428801579923
-0.01481041505563368
-0.14575018148645053
-0.17918262460682338
-0.00014658384402280525
-0.06967576257229531
-0.7807462986824183
-0.13408932393483636
0.059813266658775545
-0.49990840755951804
0.26989554245075165
-0.5716193075511995
0.4659092204513081
0.22378090890596303
-0.12587625795487495
0.11427998589131758
-0.3271065014421985
-0.14720812356538673
-0.16529696702372257
-0.33336113294739184
0.2139572179113321
-0.790982648001485
-1.033272049666214
0.243650692802299
0.19284560942317927
-0.3391131893929307
0.08109816105613861
-0.39400905733768293
0.3572240942870363
0.16984574818621162
-0.4958937708807329
-0.1913666740717066
0.012673626213134958
-0.34454361094600394
-0.6150165728798987
0.42972059982751276
-0.6236297762400842
-0.09549830956395138
0.16866592718249368
-0.24120671047258346
-0.061003882993895184
-0.012378538297342711
-0.29137492311700386
-0.7179328721031056
-0.060982264578111865
0.4236123367048849
0.16611371579410752
-0.024634619743351283
0.3415331819356654
-0.03996631984906347
0.10788033162161148
0.2124571156133225
0.05590243331369231
0.10597111006476209
-0.2270119530551266
0.10300708563219882
-0.276203097720343
0.33754908941509876
0.14109433325203874
0.35884867118511987
0.003666263629294749
-0.24313490248421346
-0.02195103857563929
0.22164352201202045
0.27260009743992286
-0.020713904934199202
-0.47776179510430045
0.3059560187459646
-0.31607161119750615
-0.3205922379649294
0.0989214976662021
-0.1961628623207105
0.12937076721224952
0.006754552509094736
-0.2834780498013031
0.10278440001477473
-0.267319904259919
-0.0010909692162486106
-0.1533845383096166
0.465164621358756
-0.1328995250777349
-0.16204325477127507
0.3062885585045499
0.053574194383279025
-1.0145575402231966
-0.6114090676321822
0.09565000605114445
0.19748310929649282
-0.13923799738548792
-0.4794440148014175
0.16646600752417934
0.016348294672802473
0.26758150815084797
-0.20361909935486883
0.08938118940647519
0.14395221136246156
0.2634538340273369
0.33133806558966383
0.43003025519526955
-0.20717326094998806
-0.2182092205619944
-0.006044573848570278
0.11631245365436291
0.07172891396441197
-0.31588369250497167
0.3928660864729202
-0.7603681147838801
-0.681319328964525
0.010214943744893701
0.02781786507306001
0.23070202623135444
0.3311448769030118
-0.8614773112311814
-0.006660419350986113
-0.06418459031375512
0.17242751931866598
0.04024814215520066
-0.22034602903083905
0.5369995438492952
-0.12119035330699615
-0.6884518724288539
-0.05726098358561935
0.31838978703620346
-1.110542279681717
-0.011182084274436366
0.2956731887024849
-0.01722687712445702
0.05762829440159169
0.13470494392224455
0.11580283424207671
-0.28164808333651026
0.024754769647377342
0.08108745332829362
0.1708111598157681
0.17590588088771003
-0.7411274748347402
0.03223635022183324
-0.10406696603193881
-0.3716049756796521
-0.5426524439097717
-0.10090945540592604
0.2653958113274077
0.15487815859581047
-0.07690563602302034
0.2988749283499311
-0.2166216643145887
0.17343618535003807
0.021560574253800854
-0.026046618092161623
0.17814806706200909
0.15129267988203313
-0.1033544386860441
0.32266672775475047
0.08190427742134965
0.10008698253282675
0.23348225726383842
-0.29439055030235883
0.30573841298639265
-0.0925467542594254
0.04452268825610774
-0.3191208791995463
-0.20362324855787373
-0.6035745748061154
-0.08764204726731936
-0.3047698149159398
0.2182009638861501
-0.7734550629760967
0.30501126835506004
-0.1167408252678851
0.29642934954605077
-0.061062737421792
-0.179717848660602
-0.8968117493885727
0.02846251523219937
-0.10374778212200375
0.06679655593911252
-0.28562278130061625
0.18451304531732177
-0.4563890327050043
-0.41999424267292557
0.1452841054062203
-0.03133323396286127
0.3149497528478156
-0.14218052698248135
-0.9349430781324009
-0.2547075331329536
0.09135547867178578
-0.26452150643155037
0.26541003116685113
-0.0439904640518652
-0.03282170080951669
0.26391597281415863
-0.05061723872797543
-0.24448093489254313
0.013265011459332055
0.19436004830184372
-0.7484963856788565
0.04475898403031574
0.007688894731934381
-0.003708913971603256
-0.11741591774694675
-0.04376476443283207
-0.051880716468538736
-0.20367701551370193
-0.050100662663939886
0.12566674786857396
-0.5711909535791586
-0.4047814980265768
-0.426609598379707
-0.011161985429445959
-0.22305534114412082
-0.02898265262803066
0.15452550566061835
-0.1646657902020824
0.0519386704355688
-0.029287904326701964
0.06977739984453574
0.031655132624106144
0.1454152882278747
0.266611397590021
0.16703286269509485
0.17005203660838425
-1.2226574108545942
0.11137533522475176
-0.18769589221459823
0.2628255757249753
-0.14182016651685025
-0.5049452606729322
0.23790666963509438
0.20048934870228036
-0.7464254587596912
-0.17593572001048594
-0.5429809450612225
0.15287290645780663
-0.08090373384146318
-0.2876749054235521
-0.2004409546964407
-0.1921352707274806
-0.08067691860675172
0.12238667903088189
-0.08549641215287662
-0.09315439260706974
-0.25517682634157574
-0.028519076973747587
0.0772514670054829
-0.48958959728705703
0.025238665749455748
0.2900609810426519
-0.046393796528321804
0.30457876814003415
-0.048359866003420314
0.24982899899970215
0.14680247081526956
0.16406687347698934
-0.4010914859074536
0.13272252406663504
-0.08162828034993311
-0.2062621458448119
0.03218460599639381
-0.5179589864917143
-0.016373206409675767
-0.17468167932103024
0.23499345477650185
0.016478101307919147
-0.5337895826608339
-0.08674986725573242
0.3265203680485979
-0.34469487851701175
-0.012616741548069016
-0.2472402810206836
-1.089228408053776
0.007384969152803074
-0.35959906607302927
0.17250671107767115
-0.38327143259693325
-0.5994921762108605
-0.5999083645932357
0.10486421355434368
0.17956655988516124
-0.25996069299773505
-0.576630720749354
-0.27882595689450484
0.19717352750247347
0.19726648705891767
-0.07174791812054819
0.12365578166779526
0.1870831355510092
0.19390843573612254
0.18360884685109977
-0.45577821928837475
-0.2615245617463692
-0.8972440393672685
-0.06007680244514831
0.18588828845087152
-0.021356169519500236
-0.0005950594626130013
0.10235186782394186
0.19323062933628032
0.4971310971624431
-0.05903422499833459
0.431546272023169
0.190131051312681
0.21662016380154397
0.40183054286549397
0.09452906750100463
0.22141826023877673
-0.02105898795577468
0.051111827157986345
0.00893281946116197
-0.01737555222782559
-0.026024989763105195
0.17739180877548616
0.26457590266198266
-0.002133166248110169
0.09115872456619958
0.09205654156153598
-0.39345920652473787
-0.6928085946615636
-0.35373467592451896
0.4510232902324174
0.19329543036362423
-0.1396181099325295
-0.20932024940910274
-0.11623570370342906
-0.31989098838072694
-0.11760844468405929
0.08609573135029473
0.10271068277186124
0.1168093270133758
0.1668656122645944
0.19483029839057023
-0.6715020539103824
-2.7129123416775345
-0.44417204257154125
-0.296543450904312
-0.6284092407953568
0.47562358800774085
-0.5435956871088424
-0.07463074101312887
-0.10836685997246971
-0.289358418908737
-1.6171896054531398
0.06628252876099201
0.10393793247441356
-0.16016988880759456
0.16738740652585962
-0.20681122910168503
0.11513763802432724
0.09472590278526845
0.2037505958364639
0.15926913689801125
0.3484923778653363
-0.3056918962642551
0.18156634993453438
-0.23594595519630152
0.2880125746575054
-0.06554505013247128
-0.1144369336108646
-0.152165051674968
-0.5894570736017052
-0.12864527012652358
0.026493900893694456
0.2636400286182422
-0.15173395396356865
0.151848675062404
-0.45133353833545276
-0.729703144615842
-0.004209976476939409
-0.14388289372752566
0.022637617372431307
-0.11524863257340257
-0.04657800536550234
0.32136218777505837
0.4367533367262483
-0.49742279325584143
-0.36296738913050314
-0.22132077942685696
-0.5492445425579314
-0.08106986236764849
-0.11640773412084679
-0.06208991617790791
0.2781572155491741
-2.192815422438391
0.11287511574516737
0.3677242252287253
0.18224544696226758
-0.07093829454920911
0.0586358683264774
-0.049970536840640144
0.1358263574471179
-0.38144855823971374
0.0027791318097406758
-0.3488851464236775
-0.12005801359438162
0.039441011914147006
-0.3068475895469718
0.4046471267452489
0.10379380741498882
0.09768147701773061
-0.1599197156678221
-0.08780243964304053
-0.00861395964424021
0.08368827037092579
-0.1921288691301508
0.20013116326327712
-1.90830299433753
-0.07365917820643637
-0.06849022491243865
0.01438924089619279
0.6686650223818159
0.17687033621017845
-0.4675699968532042
0.01910328894049552
0.37400760065603333
-0.35007964852826684
-0.47540733281709163
0.10967116738812639
0.3773618056812058
0.14745887353873277
0.10819217459334067
0.3564729599191433
-0.004468375043139727
-0.5484733065508163
-1.4972009200241365
-0.8422195837207959
0.1320723513875483
0.11927661580836332
0.18256143650332773
-0.012302133591346475
-0.6259049010251243
0.1912574312159561
-0.07281934627505857
-0.1432882304151505
0.1457789593062184
0.05914194403594155
-0.0831174419796604
0.013194078521969193
0.2675110504825261
0.20534307480012468
0.24530404350314683
0.15773025457891449
0.05784203989796408
-0.1036434553183323
-0.045441088855020205
-0.24824102727923725
0.2742563397173376
-0.10913989578017587
0.04479976599101191
-0.016719504407799356
0.18776224980017842
-0.09595579751538844
-0.05612506725337718
0.217934808804538
-0.013036270099137609
0.06597561941384564
0.10480425029752483
-0.12057032729470371
0.2773448581876021
-0.6628889006081048
0.012013401779903487
-0.21729896396435056
-0.5015965938122451
0.22389900565706164
-0.05695325120224113
-0.2890525240637941
-0.005212860496147808
0.25445212862727157
-0.1621231388644206
0.037653566656596346
-0.28577817622622237
0.015921518396158917
-0.13807241887053479
0.19305291110173342
0.21192593343166202
-0.10950065428785001
0.10804153709072128
-0.2000247711038463
0.32807831300185647
-0.07144542978837227
0.6522829369477874
0.08399989965925539
0.22524315480175905
0.09104035565834372
-0.26272749902310183
-0.16183714432540103
0.24409712797135766
-0.07972789061736052
0.03063879005166652
0.1252684780484884
-0.1311284833189664
0.2695577265097389
-0.6429021435401425
-0.4123059899794235
0.2996071824193242
-0.36025132279667893
-0.4603404056200476
-0.2126607989690709
-0.7966578830575648
-0.2175234388692567
0.3524667444916916
0.23202043957231946
-0.34155317405520097
0.10948157444988357
-0.21503547177966018
0.2115432469966721
-0.121320344564421
-0.12297897064046819
-0.14105780226302878
0.40104506694643105
0.27519293181566273
-0.4222011651166987
-0.5305456913702827
0.3134668880936718
0.0826835939685829
-0.6860758040108986
0.07125860583413969
-0.1334266551278958
0.2668269348392893
0.09072388646389326
-0.4013442080408883
-0.28073267473790475
-0.008056414659793796
-0.13104650458873063
0.03912660635280595
-0.03406810610354305
-0.5753111323401837
-0.1538590183284907
0.4121054709883142
0.035201980255209
0.245269204048198
-0.23310050413870148
0.0953209516934849
-0.03825758573447959
-0.17669664991776807
-0.1451639773053302
-0.9318124850144176
0.023533074453353592
0.18758831462910966
0.14660228247982876
0.126731634363037
-0.07534224582838524
-0.23407473219361682
0.1680489868060065
-0.0664436787524872
-0.6709937352511066
0.27651275588620017
-0.6136712492226103
-0.38093535422609354
0.1614957480372094
0.07043337597879754
0.24140461539088948
0.03485657920123215
-0.3148948994410246
0.25942547364726354
-0.29760413130071084
0.21270213879748662
0.11035777549286516
0.21698293876750635
0.0820984886322097
-0.12225937702767838
0.4878312072503458
-0.5388758799422693
0.2101402234982078
0.19295868854500625
-0.1469482315576853
0.28245232632360767
-0.013098031997475851
0.2269585477056944
0.2523220030630917
0.2506821418999555
0.026326843746983526
0.01205534264327689
0.1402436393814434
0.0653782426702338
0.08699591767546055
0.06558219542499762
-0.09230987955047434
-0.2903133363048817
-0.010738883465720961
0.3159499180922784
0.006169969351223226
-0.10365943698108537
0.07103761744746288
-0.20783911173615746
-0.4005934005183448
0.019684650551143795
-0.05763507474860351
-0.21521457582734277
-0.298962042765007
0.07341678583760744
-0.1673045510547839
0.3426006114619264
0.43191776874230925
0.26036073916058317
-0.20642344659902614
0.08801355093784358
0.2654569533980609
0.22641725802036095
0.13963019708454336
-0.7497313951755505
-0.0757518354532611
-0.13747001792392996
-0.01612759301331403
0.15891848457642124
0.19483660996295543
-0.012551657475754138
0.23793224588886627
0.11860974636512797
0.08670856152033338
-0.052310024428342594
0.28537249727925584
0.04639521899679391
0.1644790995710553
0.014608717710932455
-0.2814132225614688
-0.6130434907270427
-1.2105918356741572
0.01583289228032583
0.024224487096732146
-0.392021536378528
-1.1216588862363344
-0.08231612730522977
0.10036631952376843
0.3032305434801226
-0.29843178313188234
0.23063366914266298
0.3559225650831061
0.011084900897526695
0.0776979646799672
0.019027698617694405
-0.08067189251737568
-0.05176518290710734
-0.38541959024166894
-0.3518288711512684
-0.19687309796756464
0.28374396485312825
0.061732361421042395
-0.07719702781459996
0.5005655755536151
0.18937839795252126
-0.5653789995541225
-0.3329586959814604
-0.02717581263804437
0.33793662414894027
0.02086459378021906
-0.6711321537339543
0.1606875544079748
0.42492679027543767
0.5330756333860057
-0.26971927702655424
-0.13687759199499366
-0.43557484374497546
-0.12558377267759774
-0.48779399752318886
-0.05018371794637962
-0.08718842421228436
-1.4000249491572845
-0.12021611096573728
-0.4464359773594633
-0.5338888002757661
0.24659227058597505
-0.058243206974737935
-0.23016065606762132
-0.06714050367846437
-0.39591397043153415
0.27975247566233125
0.35110597774436186
-0.3154106255645571
-0.005746638517693303
0.29642072066580916
-0.22245721910506835
0.2443101160343703
0.16900442698838053
-0.06133749170752882
-0.24743665661217315
0.0027853519862201027
-0.04861718270820883
