-0.057644785737892945
-0.13458951151951584
-0.1954271658341308
0.26104008920259303
0.22870578253556414
-0.3684599933247681
-0.587493287356303
-0.4139593250137546
-0.1367231692322067
0.15378219457324108
0.191176243525043
0.1963414611845772
0.23542434898704614
0.31585765174666064
0.011476218113073922
-0.091956997501304
0.1311834937067401
0.19517322221079092
0.35499812216699744
0.120437512175873
0.033473317511076545
0.17152243553415386
0.2797671891749051
0.016444678247660348
0.21931361008028943
-0.2631925156542173
-0.250025887554833
0.08998859914580208
0.031873527492875794
0.19891522473462597
-0.2648565992415633
-1.1605273467023807
0.1404571644785972
-0.1940473876791508
0.18939904879453492
0.34630986868057106
0.3558651946364061
-0.8253416423620428
0.4326982309968589
0.06381518095914224
-0.06943318780510696
0.2601511498471484
-0.1741927440325638
0.09446188324857946
0.01151064358679813
-0.5365459605567089
-0.31916347511360654
-0.31914142137156404
-0.46885049432801285
0.36152431690716724
-0.17630459555403935
-0.29607646084053674
-0.26051622701542926
0.046996099700937
0.23408186913481294
-0.2900992802837042
-0.19554113066101403
0.19984731476470902
0.0735164909095087
-0.5197948038576578
0.16153480581564558
-0.12093680711606594
0.445628748009894
-0.001382874159910613
-0.22116976294980845
0.12594921822739977
-0.04180313358015777
-0.07565628887925639
0.2801707621782432
-0.5556564126035523
-0.26835154036125675
0.09051734577417922
-0.02601227984931199
-0.2601900829517387
-0.19508103397325116
-0.28689269771612513
0.13534320129566493
0.07443669052400893
-0.03497358035362587
-0.023059959349600943
0.2840003952745412
-0.3344199779176499
-0.19787921851139745
-0.0191166722079947
0.34144750457093187
0.2848890337188324
0.1887226695316532
0.22326974686913864
0.26995562180838906
0.16745713156790068
0.002442269524404053
-0.16412610496496904
-0.7867963325561679
-0.8366271988547833
0.10666288457205057
-0.34435589492353413
0.32599337218268576
0.2098875140988375
0.49603234252936595
0.2541393878164024
-0.2471576219472073
0.18199256487035947
0.298433702642375
0.23700540245550172
0.27618202295965794
-1.1681370434723504
0.006472384655082891
0.13297171165074614
-0.8051138494714143
-0.13716413612806483
0.0824000556538164
0.1736273071672613
0.25861959334832807
0.049126309281387816
0.18340213609016107
-0.03543662538210126
-0.4205007584348833
0.24366920402737513
-0.14222119575139483
-0.257749290163797
-0.0731235490223924
-0.34992205870124826
-0.23190003345604335
0.00780111735357298
-0.004904089805885919
0.040053873237024036
-0.4855238271243512
0.11551267144950561
0.17446898029413532
-0.2071968260512255
-0.04194245654427731
-0.8921617489146447
-0.11291814520502856
0.3452888997603059
0.017368558903907944
0.354546550378722
0.22566515252355876
0.30025507800992457
0.23530958656676396
0.025577616297671683
-0.535603197113823
-0.4852401550574175
0.16396584912421186
-0.2833760414663412
0.036374241267367116
0.12885893675154045
0.21923916103407012
-0.0295360026548515
-0.04363915067367734
-0.10582136697006658
-1.3575711387447875
0.14788628458073957
0.13946023286492934
0.039426075774120196
0.05333287952875101
0.2122582376501983
-0.33483645040001897
0.2292066776159339
-1.231075082650749
0.15947013258522985
-0.32259347063182875
-0.062008431521201765
-0.44026633353786054
-0.2880838364535381
-0.9225711238132233
-0.284123602005337
-0.3902747201769351
-0.3834009393024638
-0.09009905151852068
-0.15232544032605871
0.030732856677831627
0.12539609154883066
0.12358288798670047
-0.5495763296131421
0.032772514063509735
-0.033368259738342856
0.18297098426762864
-0.013893415817102244
0.1325290596388818
-0.04088460746901604
0.06783555288658646
-0.018868784859565862
0.34602972285140304
0.21317343947594364
-0.5138154475007434
0.1413112746457039
-0.22335104838315653
0.4344957998908872
-0.2678820960446203
-0.17059537031258604
-0.626241945381597
-0.19532382362699313
0.08534511659308198
-0.20529410242253993
0.03865096332765953
0.24215252654675404
0.27489229943173366
-0.141020786843068
-0.14878015184829205
0.01108241515419337
-0.27478612661627155
0.2679665077865672
-0.8107863195470898
-0.4343100615475654
-0.18137791007929532
0.2781302207980808
-0.31455459806196473
0.16397539488285579
-0.24845945177344161
0.27014991887017376
0.11764182651924035
-0.8969151727208449
0.24719650109351407
-0.18240159959484972
0.12178123074456841
-0.6568241119620472
0.31047023996866463
0.28686966372316475
-0.2929524957669515
-0.7571872625431393
-0.06080023684494869
-0.23004800861732339
0.12206513561261534
-0.10966913162875114
0.2758375445329415
-0.14437851001362634
0.1793951228841813
0.12213336159828933
0.054824733712916573
0.4533971803086672
-0.2771335369946314
-0.31803115930376424
-0.006519905514024376
-0.13341104188444144
0.11499748500230873
0.2572606291667202
-0.5783106527753044
0.22975605285211675
0.11242246277011907
-0.001745552594206934
0.21254969784978398
0.6435230918139307
0.09090871220963519
0.109114442787583
-0.07007693967617977
-0.012982557684099606
0.09023474244952294
-0.3929405413610861
0.4417131409263436
0.23494775205196006
-0.4641802221650277
-0.39397957620749946
0.051913962630318014
0.0616583104026389
0.32357985336325146
-0.830674765195931
-0.4397085504285757
-0.3765425765090221
0.08458836708973087
-0.25858265632847394
0.02313069520578178
-0.6429132735878783
0.37681932986201827
-0.04268074569213616
0.13745964057975868
-0.35446173099685635
-0.1713406790393244
-0.1337964905802208
-0.17296702919971688
-0.779091668939658
-0.035680352127539214
-0.013797076486772152
0.29793461946840105
0.31380275410571123
0.0662156663395593
-0.11689936802912178
-0.1661407796843194
-0.32845941856961214
-0.10424778934384729
0.22600209574751337
0.131256042280058
-0.06104064738319935
0.18766756683364
-0.021783536297091385
0.18180449526108283
-0.5167400996965749
0.365217234285055
-0.13970179896620175
0.3373514720051301
-0.3266123539729715
0.04466118533110206
0.0899710045903757
0.054980654927320696
0.3777406319529808
-0.20930770001408044
-0.2762669953357002
0.12434537482536527
0.31258961553761283
-0.4662124896251293
-0.21313607215000774
0.07677512824202663
0.4304408591533031
0.30297182570026704
-0.10822565825011429
0.281396295955502
-0.11629116235063734
0.21397141191938576
-0.1639997742235068
0.016776591502646272
-0.17890769435273685
-0.8756018852123584
0.0034364003555740256
0.3765021852637142
-0.40679536068168626
0.4004636976948106
0.2197745380444885
-0.0819951245215318
-0.35647063803782697
-0.40998795600422866
0.12025034756936614
0.19353085607168394
-0.08286662237970996
0.1446913388540511
0.028901142419469877
-0.7489120860237943
-0.010930063794367274
0.08752387483278032
0.3410656947290869
0.3419743329436452
-0.4640858903549323
0.22953571151486024
-0.0798075361713462
-0.30845222362529773
0.14432112815312187
0.3105019268093843
-0.22522427783896476
0.0921471099918412
0.12530232249092016
0.250480150733788
0.19751095621628872
0.021378244008749214
-0.16771843223060218
-0.757671391651068
0.32771524234444077
0.30569244699554077
-0.24679648541897872
0.20925658669717
0.09843067858023724
0.06291582444794128
-0.6383577565632557
-0.038025214064045056
-0.49245156764567655
0.1212862133276349
-0.2899730073101779
-0.07614100207068004
-0.7808307341891101
-0.707737437575312
0.1355086621655022
0.21707775417435543
-0.2272921060938505
-0.060937086439500465
0.34855876220533244
-0.4235431571299732
0.07671667560031029
-0.7608654126100318
-0.1932231807220853
0.0067320034690599275
0.13919242637191367
-0.6885300694275275
-0.10987714016814984
0.3252733461134628
-0.15998032950561525
0.22770245751332174
-0.0999670883618979
-0.2544247337785305
0.37548090331613715
0.09532271528144712
0.1960473851156868
0.004480643035989282
0.16863921288238082
-0.4215287158276667
-0.03552866469365966
0.007818167516055366
0.27624843002550714
0.2703833997833872
0.3205699443242927
-0.11393215113317916
0.26334014961403124
-0.049863616463051194
0.29603741183919446
-0.2410237796315969
-0.24615066938684288
0.17167477278887872
-0.8859759082925336
-0.39927887835758485
-0.11661412122346107
-0.5469010624400956
-0.6835753549695875
0.16384823947806587
-0.44442317630215766
-0.09164387376385322
0.21224664694757145
-0.12753951110915462
-0.05755063964483668
0.37081529308178346
0.3570616462236658
0.1431604816919867
0.23009800877202546
-0.32215947218935487
0.22467965565692533
0.2595109215956685
-0.0406397313623315
0.10299281349926744
0.20072465323424948
0.0777810191817395
-0.1587160580469597
-0.2988643224807167
0.1431531427868346
0.037871705575464466
0.14475008758596225
-0.3488393478166897
0.283176392188516
0.16490476455645814
0.09879149778365723
-0.1830954362165596
-0.2819759709755608
-0.16428903654840027
-0.04995643244674426
0.06927980214240063
0.06655549838383548
-0.295217042694697
0.09084842994462076
-0.06752167803443525
-0.10790339078773806
0.2834864282252453
-0.5741610908504277
0.14421177471762353
0.14205391379707302
0.23774730974054656
0.15243260162355238
0.15851335829859656
-0.377011454563017
0.22362161373541603
-0.6096591441295586
0.25104547272782884
0.029170512319681673
-0.43646436151018486
-0.016561033855290654
0.3473631925660166
-0.2907533071182603
0.09012499325730976
0.1776574098992356
0.3005943685777623
-0.9120081812095473
0.3746836963329163
0.29734064087504314
0.1492131732525622
-0.352576411706618
0.039669779791182726
-0.191789724179846
-0.40292992747690554
0.12246826683289695
-1.1642999778575944
-0.24476333371203385
0.001755337188113008
-0.10155814443371844
-0.04531296858554808
-0.1624401923292344
-0.2078158497311676
0.015281839427334954
0.261053145628592
0.4227657006768032
0.2912364344287989
-0.08764052173741063
-0.14697239240393933
-0.42525670236725743
0.1679931073016241
-0.9618833785455211
0.24057824181753618
-0.2481796941761361
0.16852238878446674
0.09708458339688696
-0.4872166849932443
-0.1133771460863399
0.4454940850106266
-0.29325492575346845
0.3627720157661668
0.10681997809799929
-0.4435538493965409
0.11256499837077609
-0.32867635599615214
0.337265858845562
0.23367565704376067
0.3698853914341562
0.15280068892534998
-0.13490190951376754
0.24674585262698345
-1.3959087587232528
-1.0815239439674207
0.05990313851240938
0.11553705003138606
0.21269787041795407
0.1686311404927869
0.09300726898572459
0.3291873413308399
-0.10362023336006018
0.2153509057969575
-0.6248322093917594
0.03467341507858039
0.1288785117224689
-0.5578060209403681
-0.03337610439385958
-0.0027226018501340433
-0.058751382175427205
0.05165187236628033
-0.035432962408696055
-0.23942818147958828
-0.3127794082818157
-0.1828438783881557
0.4352353745728522
0.22739253586187713
0.19996891321900226
-0.07388020966770655
-0.04556599200020532
0.023513250463824974
-0.1285580126070868
0.29971331287590897
-0.1399312828756817
-0.5764150689752624
-0.07933587016247937
-0.4109452512828543
-0.15196444521981828
0.16780612341103052
0.16602923010231224
-0.17785095489381308
0.13210595750953355
-0.027161381849495653
0.24589092004838334
-0.49423933503718986
0.34300250132667576
-0.21272625048105662
0.03629319318365025
0.18255176341446216
0.3053365365997004
-0.9142955008528135
0.06824275357861861
-0.13847304399720745
0.3168919619910064
-0.15681131774105236
-0.20826507506918773
-0.24461326872164246
-0.14497765873439822
-0.06604605054739884
-0.046684455793018116
-0.39436807633479865
-0.1499797981883378
0.24518818559687125
0.209117911134782
0.12819744523308033
0.3441905321912445
0.3161442256560398
-0.3601026566692523
0.0753357540010969
-0.32410281979854305
0.1425402954065719
0.053539803649724715
0.18251281968328406
0.1390492489483392
0.06347498964643102
0.2160482999487841
0.4483497106553161
0.11903090804378333
-0.5047682220913144
-0.12747225491964115
0.36569158090931475
0.4392512220966906
-0.1312835757265522
-0.016288776202174185
-0.24256354269537087
-0.8407166246498672
-0.8942178252082551
-0.1371095670327703
0.01382795856499632
0.1915341119786499
0.3022836567043397
0.026038945801667553
-0.22304692580486507
-0.15724481806457927
0.22816794920890854
-0.14113519838323094
-0.034126951187182154
-0.33582048905684136
0.2920308194984558
-0.8520943567996797
0.20407773527107675
0.2548117369785188
-0.012056452643792865
0.009450087230457541
0.5107421462805615
0.07845883278271729
-0.21010103857811754
-0.32776537674302253
-0.00934541077191392
-0.8683034359557652
0.30805224109027274
0.19346277406559476
0.23318877361067464
0.2148805833406997
0.1317522773562768
-0.026497755362233068
0.040754031066754993
0.05608017650609746
-0.24762930675039668
0.020144717578277533
-0.19651743507460928
-0.06552043119965716
0.0946935925416108
0.10175076346696339
0.29593481413643485
0.12637169427312148
-0.1589530534316371
0.033307165806080105
0.4391200031660573
0.18552746074411963
-0.12222559826989274
0.04096859374040638
0.09544482795263753
0.13176859565507232
-0.435644667805655
0.5333571272739485
0.002918286915399279
-0.015804895989100905
-0.34418293593172433
-0.20858278443628747
-0.09668244326580028
0.2635944691600059
0.0688420688080856
0.37957423077803
0.2930301427724693
-0.37866913394078167
-0.8755510878958683
0.2272756233599576
0.41841255958679674
-0.28461980300855677
-0.4081035713797287
0.1073557154363091
-0.24211331462900673
-0.7587177967864646
-0.4505625503786697
0.4507470666823859
0.1149956332696455
0.17933746558025648
-0.18366807266463758
-0.23323587386639738
-0.06271281446830465
-0.4227211631883915
0.000749313627558576
-0.05108372352374957
-0.16517604347594844
0.2038821165396764
-0.3062188267763467
-0.8743550938872161
-0.2782082440532919
-0.03084001459783233
0.21045275231654678
0.16154133115702612
0.2318301721372754
-0.5629245240668731
-0.21521204867890611
0.43411059527289453
0.3072504584452815
0.22323589942318836
0.34493907322073736
0.5031905863583976
0.06705272342964878
-0.5787785040625362
0.28508358509773113
0.024693416395796284
0.19340765628779855
-0.8115021834294399
-0.2767968788974917
0.1470749483915347
-0.24237891345727114
-0.05813342062982844
0.11306775947075265
-0.5275812698501274
-0.935276739581899
0.20057040675847845
0.1893945939271698
-0.24529969842000138
0.12917521142444782
0.21852565593749212
0.08821506899987401
-1.0408580903879208
0.2980089635522109
-0.1442607670225275
0.41826496139317004
0.02165361875757431
0.19796993954488712
0.17101607690604265
-0.05295016134114803
0.1384443195488354
-0.21589164167527156
-0.1442196658572187
-0.7642900325722697
-0.9984798962523739
0.3914747702853997
0.10115488879794157
-0.03620395084711902
0.14708764396402726
0.2778454489043095
0.09449496971555874
-0.2823217021454411
0.08284128446962204
-0.36519835525011834
0.03276373731137237
-0.13730948627395517
0.24557507605002757
0.13507738204263647
0.0016595664534664323
-0.1260348025857842
0.08002936887740708
0.38456581802048945
-0.1735921369937351
-0.4009941729057112
0.12072891111794068
0.20447618882382906
-0.002267992575877437
-0.21265785734336157
-0.488354490145285
-0.6985739949044618
-0.04041261099791686
0.08719340600495223
0.0998119656774659
0.2231154805867419
-0.15122522224562518
-0.4548292591220157
0.11680986642032938
0.39299055693116014
0.39772768336988407
0.060278319866340704
-0.1146434893011643
0.48335492400639646
0.07638702534561295
-0.7188587781175633
-0.10758974635690248
0.04185556283399097
-0.40372112748820177
0.17782844900105138
0.2654859704441688
0.17467912209978137
-0.3603858987991952
-0.6085016673949449
0.2920952350491091
0.11472882158750883
-0.7925473778388372
-0.2088863574139271
0.36216893894456126
0.16608382340854622
-0.2317266533992028
0.03888592955849868
0.07499687088746576
-0.42461835444695384
-1.0273294609284194
0.3011688414825554
-0.7929648152726462
-0.21441759892864662
0.009911685514120713
-0.06890832812085002
0.04130398921167604
0.28049177577145235
-0.8138718198436115
0.12962790693001355
-0.12311043782640145
0.3024251426371007
0.014542248130870423
0.08226555827517941
0.1326866110195164
-0.184605374453167
0.1968849718673094
-0.001057222355444154
-0.09173664019150815
0.059279633762600106
-0.5948314953200983
0.1255687831504238
-0.3025320297492753
-0.25974758373719997
0.10566460184472257
0.2343819511461312
0.04874118129029283
-0.17967521310166962
0.11478206810007494
-0.6795089074810068
-0.31941618613245426
-0.3904740216233359
0.06598220694510433
0.1638321149626389
-0.025790899677346314
-0.11717930671877494
-0.13038988602848045
0.1570133855027896
0.051447773161938645
-0.2973865193473218
0.08623197564461163
0.15517729222961313
0.1456476071541111
-0.1984131486576064
-0.0870122619768666
0.10141424407268369
-0.3117527750104943
-0.6395905026538358
0.02327002804172986
0.28605609491892514
0.018506489376051684
0.16204205154860465
-0.012698778702919888
0.18337469521983568
-0.3515770294961348
-0.3472644415976709
0.05259197249772089
0.26740376623347817
0.0843231557777975
0.23359141846512582
-0.4126268511728102
0.4021430317368452
0.19094174203086478
0.2608295705205218
-0.10645901449431387
0.020767872815285776
0.2519531257249207
-0.003154405622066081
0.11000947691614564
-0.10232885437429587
0.36584979817076346
-0.05691816525632556
-0.19143802143114766
0.34319018469433094
-0.11107515965656387
-0.4870045849862529
0.011705576834353726
-0.4115987401759484
0.7479610007796483
0.010867288896406455
0.007651166203121279
0.05126122957243369
-0.6892213586787687
-0.06081104489644658
-0.4798961229970543
-0.41841999216102754
-0.24608380844438255
0.4266142292029699
0.2174836019919669
-0.08678984469526056
-0.037930078558748095
0.044040837904281135
0.2511600679974146
-0.073763141943835
-1.0268955033039415
0.16486651410232525
-0.2851584200536359
-0.4717082566230243
0.03284750236211196
0.1021231507052941
0.2687472118450631
0.022990328516546626
-0.42570149549412406
0.3763973591096007
-0.30256830130995416
0.2763878602800395
-1.0637965133242098
-1.426244607235616
-0.09010714268440616
0.19077733815289194
-0.934714914682439
0.24419560503839305
0.3875037082685587
0.15450889156372366
-0.023152652618728543
-0.9347123116637395
-0.0991199648485561
-0.06895358036575953
-0.008382084093466885
0.21343185806254206
-0.015025295959670597
0.2877544061059201
-0.8324793972438016
0.012997152773162643
0.08911339004468062
0.061756894793415285
-0.03883268941390807
0.16775253757613645
0.22013179124603233
0.4762885512524937
0.3565651014785479
-0.16299964680819073
0.008450392897268632
0.039427620464752004
-0.45078939788029837
0.07883384486255249
0.09364865221244043
-0.8108847277848567
-0.025370098655860755
0.29640220192467726
-0.41076527374619165
-0.14193575331738917
-0.029106921285923636
-0.10095608798911244
0.09137912265063253
-0.08784376902054798
-0.5660793174687292
0.18471653828474424
0.16691226936621267
-0.4032450576325221
0.07957674953704567
0.0332511474824296
-0.2695992247817208
-0.3530109769934293
-0.10347906064773109
0.3524225669047009
-0.17041352267068305
-0.367109311424764
0.10261893918290146
0.36315527478119475
0.04053705800507854
0.07603210160461082
-0.31910080141348335
0.08236586419938184
-0.16930596047721275
0.2367176554748967
0.07674390727317904
-0.01318848603553709
-0.0033865772621546253
-0.7860608740687869
0.1326623593423909
-0.13746808711602143
0.25866953586613006
-0.03827280026508586
-0.32732497711084985
-0.06116675523846822
0.08707050960953926
0.19530378002916343
0.011412364356409244
-0.504666362689556
-0.21234190874536768
0.057393454878517915
-0.9816943340028395
0.13919024696949084
0.10143637719615164
0.3517069476820436
0.32107123189484
-0.39738501643592106
0.07619217403227883
0.12313115008890332
0.025884249684370537
0.20636884594734367
-0.10424360250748639
0.29868585861020935
-0.16657648609249204
0.12493955614440741
0.17449065159895508
0.008156804008449333
0.047324141453170675
0.44313862932785597
0.02661402000404404
0.27127417648959534
0.005086053863089194
-0.168280903616998
-0.06027766272201858
0.16070430294224133
0.4115532187216907
0.050238640606244986
0.2967605733817368
-1.8503682457867643
-0.5747892889919959
-0.30309796858320215
-0.32193782421073075
0.39052469564606385
-0.12916043153215942
0.16439280718627985
-0.6658546717588751
0.34011028976569907
-0.18424592630456024
-0.2354715960482192
-0.0634074680165746
-0.40351626998395834
0.3809047213851017
0.16081457562878537
-0.23718027042177087
-0.061826063249003235
-0.0803333364521914
-0.8940502177226314
0.0893674472335931
0.17238361688825082
-0.4354515449784566
-0.09997458431485613
0.17022788999599098
0.14224499872457175
-0.04167420356366307
0.21626823610338772
-0.41104348949252245
