0.09839609185052224
0.0996681812676738
-0.007709634397579291
0.1695465071101243
-0.450746795815796
-0.0343484372631553
-0.18572527571441064
0.14745033167456037
-0.0857331580438395
0.15737623849189095
0.22160456892360408
-0.4966021945412459
0.2007546891342114
0.0740459912699992
-1.9162439084779233
-0.09876733357400586
-0.068972687954514
0.10116116879256573
-0.058790961517835895
-0.29293732367193215
-0.08787637836875231
-0.03172787716863088
-0.4901749410872762
0.14977778145185325
-0.0653969199129681
0.1068783396546588
0.08563494774738126
0.028017456764314053
0.0296270640373821
0.3417497755603115
-1.0033727012099785
-0.033155880823065205
0.16018744722203176
-0.23626399363581863
0.10009555493598292
0.297767560307844
-0.13275529900539237
0.0017314786959480965
-0.31557860096085844
0.13367149275863474
0.0018567540581524878
0.2803886352018712
-0.18929998520175148
0.33816030991421436
-0.08870140922533605
0.28061863558281913
0.08277350780763881
-0.4153256417508445
-0.399844921387074
0.07692195688642857
-0.22424139214048372
-1.4455472692151756
0.05868737063426812
0.34834220320836234
-0.08518037634162907
0.1126142401020915
-0.06989649733669369
-0.32985699477956476
0.19746893956047745
-0.06679383241301379
0.1411081046340455
-0.3341858790878354
0.09471535761944894
-0.2139948084064621
0.2608216343406502
-0.6209296317549554
0.1615814057195754
0.10939424309565556
0.2152333717353278
-0.22013140219561483
-0.1868546116029834
-0.14427197948640294
-0.13838395115604954
-0.042956660758382406
0.12886415988590838
-0.2868225650997319
0.15091811040134145
-0.1432113981083129
0.363843474009377
-0.08710881453270425
0.3103447145239403
-0.05482929289571169
0.2770026552948867
-0.5221906446549947
0.21650158778212863
0.3570936899072315
0.22822748779693208
-0.5348770892790903
0.01657337372607156
0.3359730868524651
0.17525118854069072
-0.5152268663593679
-0.83188612758057
-1.2720596632894714
0.1528606042470464
0.04862352970084831
0.08275098280497958
0.06219839819813851
-0.35132734072845395
0.3010905411091347
-0.05148825301748432
0.09924448630825786
-0.08166013426951384
-0.6871755087588619
-0.02019109334000573
0.06701408056795559
0.13360836310506424
0.19903309427415689
-0.21765921852075693
-2.134652173328931
0.030092284681865606
0.16643613744549798
-0.25926490513341804
-0.376914737745848
0.007188675960910773
0.3428498502782538
-0.08555856201299586
0.5282785617207376
-0.3309346640978282
-0.16372807443224877
0.09383341385903764
-0.3564902857184392
-0.08948098363883954
0.16057997279309927
-0.0013061532981849312
-0.013107664487991865
0.17389681358810402
-0.16626819222363792
0.16088874827237523
-0.609565907374648
0.015144674715436296
0.17412637635927553
-0.26610307961523927
0.23541577836712682
-0.7724776227874471
0.2912155100537327
0.10145456700894577
-0.7087986919927344
0.21773303307256037
0.06774608067518709
0.20090227849523878
-0.707242821633298
0.33779518360156324
-0.029120768153198483
-0.562313937548025
-0.29764617640885144
0.13810615552814873
-0.23056974330083185
0.10656490028035717
-0.23755614962942162
-0.2187355762532917
-0.1484079639300053
-0.12502396556855408
-0.2535891295367701
-0.18148706039305657
0.3271257893071067
0.12115730800170443
0.2532582610581521
0.1980754377174158
-0.2356079431672514
0.08183993124864723
-0.06115800788726402
0.26816547354361975
-0.65645073633312
0.06017576181430667
-0.08935896077739171
-0.5874386527588844
0.03776108049430641
-0.24789652310631358
0.29482080960480234
-0.39697384137164604
0.1632699370734662
-0.20264408867454944
-0.43332133273153267
0.07381931849691431
0.19512810831601768
0.3250060845793172
0.3037243201249243
0.03283118172014773
-0.4289840358096469
-0.31146572270294665
0.19525472206004232
-0.03100778464027748
0.32656374737003985
0.18093328539023618
-2.126106324277941
-0.05125183993665903
-0.6371901833743653
-0.05229977424465056
-0.023030855373035584
0.14910075731305103
0.5043446003991996
0.359722201339491
-0.17651505974701343
0.14382079139827691
0.05265020451131615
0.1564109040804862
-0.24126971496874144
-0.25147488145922137
0.1381293423171752
0.02577183116280877
-0.4835307921866233
0.05999294398991071
0.03535549445100372
-0.24585864898819426
0.142873484812769
-0.29514054811317914
0.037261872351310156
-0.14197301207738022
-0.2757091695487761
0.16943095299596989
0.06779207303597085
-0.11695040005302042
0.1653490464070604
0.3563260504354372
-1.3523364900226187
0.2487084731674596
0.4127180268788635
-0.1777273496371811
0.2991546952361913
-0.10790980745104035
-0.4950570233393111
-0.25335322647604935
0.3937319175573705
0.5194272835087663
0.13567895485661763
-0.014211241696934662
0.18569270870366317
0.33471452995335976
-0.420455227418269
-0.10273125342731423
-0.24464645451536712
-0.3041877395988618
-0.18799821934083394
0.45967089383144605
0.07491613103381552
-0.45705243059171685
0.3314563804874632
0.5792246694615912
-0.8380043384575092
0.12367532200743694
-0.3788495197941153
0.07364765761362176
-0.04885524852758886
0.3021010984849123
-0.5096402273493638
0.247542472628492
-0.3201288806356871
0.41710957705116714
-0.21036232382933515
0.3772191825108272
-0.03172397755436744
0.10255651835247441
0.0543122628456784
-0.8706234241314634
0.06718998674653309
0.013603944073239355
-0.5036447372777897
-0.08850690196751043
0.014699751004356148
0.024462163476546117
-0.2962506244222179
-0.16511635140276149
-0.1634626866951953
0.09726929976019907
-0.28322836389223915
0.08408777988781749
-0.2713750969326095
-0.5183656759222791
0.1416162864745642
-0.9634648209137617
0.24816006540848226
0.46496322910092697
-0.27568360965161937
-0.12075279072110337
-0.1538864965873159
-0.2661047330675072
-0.2166358053541956
-0.6474827360256149
-0.08418130882442723
0.12503542559504716
0.2773777612993197
-0.5512610524548943
-0.20221476186900617
-0.31449186824988296
0.20541098744381076
0.1647263196969905
-0.07741368779946256
0.19491079399181307
0.328664115019603
-0.047430150630222274
-0.08237990169673236
0.18189901436780825
-0.2059101812054494
-0.833942214976774
-0.6534992215813332
0.5627294020792748
0.37689222372896036
0.11733975006415416
0.17179586199864771
0.31819484672250575
-0.021498099027698173
0.37958090953374035
-0.592705903047184
-0.11098898715786518
-1.5515369441252478
-0.6511588004039894
-0.12392479268760867
-0.3058168178618742
0.06667160604132329
-0.6237128136344207
0.12191869484094846
-0.371454026459359
0.14992476136527058
0.2547031229230042
0.028010267298651352
0.23262238266781088
0.08002998974405628
-0.16826468522714527
-1.0936395201878562
0.03356619129819085
-0.30423511633544464
0.1254105290852932
-0.35549907067775616
-0.11826757706276154
0.15424278174408168
0.4115506142349797
0.2589410166661485
0.3605861999451874
-0.16518017570336466
0.12818233804865276
0.12980536275860158
-0.7829727089284959
-0.30751490594837055
-0.045447423118364395
0.04626939868426079
-0.2585002471045882
-0.061268540597774625
-0.5824042516724467
-0.5330637312140982
-0.11115699913245132
0.053900803797626726
0.028393540604536537
-0.08356030902473653
-0.2513386222490649
-0.056050346245678416
0.14718220585570113
-0.02015627991957881
0.181338488616308
0.40020916653347305
-0.699774587672046
0.38113534830976176
0.42182144820084594
-0.8241360066008616
-0.0480473079961014
0.021753463371838033
-0.17787562992519307
0.12120691762198925
0.27483052462579416
-0.5469099792258476
-0.7897585496865862
0.07217705492943341
-0.5241451783562058
0.1993911561534345
-0.020264664551963796
0.03985736124685796
0.12190272581857167
-0.08115940328666285
0.0016919098219386973
-0.0016260764105399228
-0.4492151875436071
0.07003701564084086
0.07240520562220683
-0.21683467733544548
0.45879513050401144
-0.033176393154287644
0.2690568229062253
-0.17019990616266756
-0.015182176867185246
0.04082763774900341
0.031211988697385083
0.001736237265443287
0.09635912255577891
-0.18206854295852493
0.26718039085010026
0.14207301072699305
0.2517899653518071
-0.0024269757377362424
-0.0010306527457495274
0.34525770367461417
0.010849403167893401
0.004229714605885271
0.3125297182152066
0.11043483343312019
-0.06653912175612059
0.32425849287401587
-0.4018592433973576
-0.5559769945567703
0.025556932842852525
-0.46992378854489864
-0.08302150677212457
-0.01903786222866456
-0.4445776020911422
0.11377930382734944
0.09349003749373355
-0.025651852189210022
0.16279713868304307
-0.060878714870689764
-0.2856473651908165
0.23326983842430932
-0.578496554169923
0.09694626519577607
0.04470168148595015
0.00978262791675824
-0.2183458990838655
-0.01991454690478302
0.008865972063065618
0.06447373543613134
0.07139163169275392
0.22203134788284346
0.3460020805980768
-0.2630409739217726
0.18116260242752827
-0.027742731913900344
-0.3256091382107303
-0.5001417100170882
-0.09987067454594836
0.3981475942419781
-0.04743870846843414
-0.12348189635667865
-0.04912190911548523
-0.22607534862258927
-0.630417551092776
-0.3856654871463828
-0.08654727480435072
0.293492581449879
-0.08002829041786855
-0.029077351427450188
-0.167065961198913
-0.06880513729650281
0.07056142569468497
0.017292681909985917
-0.6547148610468787
-0.2115779547423374
-0.01525283926090798
-0.048394577831453636
-0.08020189445409293
0.06709042244046685
-0.08475861105614647
-0.07880884973806482
0.0654213561659199
0.26501314805785114
-0.055683775302033355
-0.356309723585836
-0.07357713699873698
0.18312175995170588
0.38711277511948733
-0.026064819343981548
0.01607264161025
-0.7739087935953035
0.22075062091395123
-0.5437441837835875
-0.4812844933626468
0.30999767812608836
0.060326640630145964
-0.06080777875603086
0.12847247637471534
-0.0003595305589166875
-0.016703321381171476
0.08255310130954177
-0.8740352316801733
-0.5059394092682068
0.1415027694561654
0.22653653097579501
0.2656704492570134
0.4079615411844161
-0.22653446990913148
-0.2975637609476375
0.2745662089789073
-0.0611048671122443
0.3243621373452239
0.20904855750385637
0.13881937816697493
-0.29479894322665157
0.35570081679887533
-0.7007431076138133
0.5116077763325964
0.02318499792150148
0.32113113028993406
0.1776350512988049
-0.15007819863946126
0.027958601399785565
-0.9804028139520516
-0.11580653064124695
-0.1810943946428507
0.05264480864643182
0.22083006797825963
0.2300344189929006
-0.1747951485703481
-0.6408231357242491
0.05112476464752952
0.3408519724471164
0.2616470311577288
0.394891401929266
-0.2931700287090221
-0.1172630831476272
-0.2680175898203627
-0.305294295396921
0.0638194922655981
0.3375003203624307
-0.18792982385426343
0.009504643767982069
-0.17979831512953823
-0.07987018961927723
-0.567352082224196
0.1724935801855147
0.2115524726302493
0.09125691585049113
0.07906933881937994
-0.14974554962277675
-0.0757903517791628
-0.07192542238528828
-0.07042121765163747
0.11674165495360252
-0.10384236593598788
0.026407385970387637
-0.10144624834324951
0.0033682285549908432
-0.2987597088723257
-0.2718367373979479
-0.3568831478329966
0.19025862516381822
-0.09003640975054487
0.10283118825851197
-0.03425679049441054
0.29756039398708056
-0.34221656302404624
-0.2425797538267719
0.34487607393652
-0.2002251006289833
0.171605489047179
0.3651157864593688
0.2065400325208006
0.329625753878899
0.013333772879446145
0.2933362628956694
0.04111425332508998
-0.22838684829734604
0.12316108113389097
0.04375905092295871
0.019567921256674756
0.00817412492281983
0.24403310066129066
0.25947925315533044
0.04555029098743008
0.3718234945069925
-0.28336590192917044
-0.4521915290167927
0.035363160172255624
-0.03217457369564324
-0.16336654736448789
0.08595320023123978
-0.5694599217959545
0.313305526914854
0.20799625169388208
-0.564081386925364
0.009061586155331518
0.009417058097862552
0.20015924425552606
-0.21276277808157315
0.40101984173760324
0.10915513073864169
-0.22729759584132844
-0.4123412452038771
0.2706622478203698
0.26950808567652923
-0.49207790824483666
0.19595693292929223
-0.16558912851900595
-0.23541805312058287
-0.823950132254472
-0.792413333575087
0.25144505591595395
0.25898442326025883
0.18916733686585002
-0.4232866566377355
0.22026077464747865
-0.3904514004963332
0.100873461166374
-0.15770620367339577
-0.09842612027230849
0.2268628216696802
0.28099525956698235
-0.29548945863980103
0.14188936364752447
-0.3461269547417569
0.20413591672798131
-0.06396147870943196
0.3823757532848593
-0.21449229382798674
-0.008421222720406341
-0.04497115128129968
0.14005986151968236
0.23632431703042367
-0.051935900211475185
0.21286832397809669
-0.9528614631210226
-0.03991692855369054
0.24697773641750786
-0.31510670567076066
0.06863676556387549
-0.29154925082572525
0.06315713793595279
-0.3098143424891355
0.04012011039360718
-0.22486709676744293
-0.2147453226710792
-0.7674458804642397
0.5204414117905704
0.12282079993156687
0.40445601192002584
-0.4100674416513702
-0.7929147867748484
0.10379180902952054
0.26862304147502714
0.20315662141159557
-0.1381507239090746
-0.6986507881553532
0.2924243679149048
0.3498152638596911
-0.3389297470186633
-0.3516131284871976
0.12767448297125208
-0.32188222757247564
-0.6847198771011472
0.11930696752679049
-0.5171036082502116
0.06825569400146318
-0.032464907446942505
-0.42336179441411464
-0.9634930845118095
0.08155472554309932
-0.18365187776804776
0.22987068351523776
-0.13706520243000975
0.22736815189226095
0.33015053059297966
0.17038634200842645
-1.0188449464252216
0.3476362331209415
0.1560307763140368
0.27830332011356856
-0.27104116656410654
0.278930067452756
0.11298745405825308
-0.7231195395874758
0.39911123896182527
0.21888043706834348
0.08557025505888982
-0.203075715775151
-0.13389769605191157
-0.4439157845357413
-0.9506422640404507
0.006701752384947598
-0.22305006276689018
-0.3424015976744683
0.1981033946153976
-0.28937181278600843
0.2914706626914053
0.2501615441185255
-0.5457444547568638
0.34694355239218994
-0.002986103018291364
0.05396767896040923
-0.585010730121255
-0.09646628108259893
0.351248516569849
0.15243713140813203
-0.1010110944123693
0.23418461309171817
-0.01194535688487387
-0.4392652550024857
-0.15342023473957145
-0.05874402307786706
-0.2843916092917932
0.08457958891082872
0.06274844242499328
0.35234124389907123
-0.5384729575738925
0.08086242004938142
0.1437019316586325
0.10660593743941593
-0.01809322841469723
0.38687969281095924
-0.15418968788266757
-0.08717259821489357
0.2845497365091437
0.29193977070167515
-0.05398566462193355
0.3446610785650803
0.30122434419632826
0.17053214736521735
-0.3592333868784339
-0.08704166249888269
-0.00155673226091865
-0.2519352884245108
0.14618128356927845
-0.04596652341242795
0.021365288823654623
0.07756927811077156
0.043707838869936615
-0.09497544454363441
-0.12669440811543672
0.2668550741950195
0.29562839267111884
0.14337815060406953
-0.15240771450209936
-0.5621008056423384
0.19128658972536758
0.429267907985987
-0.24415659558939895
0.2868302678798187
-0.01093714960893476
0.1514754639484293
-0.6995491636537169
0.15255768656112406
-0.3652634719395442
-0.43889679299342976
-1.2418786959879182
-0.1917688674861265
-0.6779747450224085
-0.2762291094713114
-0.04293399468765452
0.20191668355112768
0.2938693335037662
-0.13007097753529206
0.05152976661207681
-0.18549438752110553
-0.07727843585473272
0.07158385893033618
0.28146639533540785
0.12146468595618243
0.07541834521515242
-0.03302808561133961
0.2172480486082625
0.2829499477970683
0.10325327651986387
-0.5644740407691364
-0.3869909592802022
-0.7177092665866454
-0.026243173288408177
-0.18400909815583943
-0.396483148482872
-0.4917855761121294
0.16626415248791995
-0.04177259571052615
-0.10905307137346905
-0.4940027196822389
-0.2729093198879382
0.34557908522659286
0.25514516848153657
-0.2816505693831127
-0.3705193280209837
-0.6963498435105466
0.29882396886367396
-0.04282542218121462
-0.7487479044659163
-0.6102753067122555
-0.2782803237306252
0.5625911255323686
0.01745926197056442
0.31897997926987515
-1.1549257775076114
0.5503762725020922
-0.4664094950154166
0.21677479298737054
0.31016753686405824
-0.010382956683152589
0.06150036036018823
0.49197422946128355
-0.41772456541197034
0.383513510157738
-0.018403928649406088
0.19848045851435944
-0.059354201823111075
0.1694917382628275
-0.5986211917672397
0.2632209261311663
-0.13112962447646753
0.2355112806677882
0.36791675349012964
0.12098534112406001
-1.00946459187591
0.34031378456308403
0.14265029957078276
-0.11776703353391386
0.06915086457170905
0.5614479132736346
-0.35134713676012175
0.09039506977475754
-0.1837605619912174
0.2912901490371426
0.026045241320072892
-0.5459198450457139
-0.3714604750513956
0.19610050941093898
0.12398540794683517
-0.0652351736322242
-0.19187088184980775
-0.34515411341514757
-0.0869933572666757
0.011472339739236751
-1.0320784277696122
0.20503280283630243
0.21899061239510056
0.41398515713220474
-0.09641997719310982
0.0790000235365521
0.19266299364284056
0.2755647493909142
-0.7226536616565058
-0.16699494487493843
0.09047920901429926
-0.14053560951927066
-0.008540979847191276
-0.030748246480114472
-0.09309904832572842
0.30396920110448794
0.3165941349074592
-0.240751603469129
0.1695812161193334
-0.24918113219099802
-0.0825885778253318
-0.0760967790394296
-0.38078359778787735
0.030956341517585743
-0.1398396431234096
-0.34819387910912125
0.04676991653423982
-0.0686580312330671
-0.09335254688609831
0.6584309299625358
0.050242718841458756
0.2972311028767244
0.18971823231407486
-0.18332046926313317
0.2630311282514024
0.32082096227041
-0.08184695417009168
-0.43414010257087526
0.12479844883058533
0.0802781766604185
0.16322756727373539
0.014706938916937685
0.05205765934298077
-0.023550301010131437
0.234705192556725
-0.11131137009594241
0.44183838280999216
-0.1423265863511908
0.04455642342808157
-0.029163786519347767
0.023369621916940503
0.19293672329343398
0.4517113234566813
-0.04568501118967524
-0.3505372019071607
-0.0004734439811321378
0.5091455875692029
-0.07800985113541412
0.04436826151356718
-0.2762373936495234
0.10414658700157506
0.05947350084084124
0.34600515554077993
0.22547346369954507
-0.1978448857888488
-0.3211894901971406
0.16734432341814753
-0.10612375822115987
0.08904202194096822
-0.010976165653626451
0.14627212976162313
0.3815008338734664
-0.05369484714484936
0.5947157246539314
0.13694315930352352
0.2764034552426667
-0.1627378885791321
-0.23204882919228384
0.09947239451785592
0.15057089726571565
-0.021405830009443006
-0.07033541942797354
-0.4760313345457514
-0.39901911296471826
-1.124065910147857
0.15897040079680386
0.16383922455256433
0.07757938566073308
0.3443508924839469
0.11036862629412277
-0.025459425732611674
-0.005657708260306765
-0.209033835072362
0.011712933615766474
0.37577213876864746
0.22308955313574658
0.1755460443266647
-0.3330114082945898
-0.35119252257256156
0.11067194113525987
-0.26161921982753433
-0.6656977224086077
0.13083672659509551
0.042836654457922396
0.18066911890143106
0.10060868257506335
-0.10254100905851102
-0.04124338169343517
-0.9640095028051787
-0.4160376148270057
0.22218559818071287
-0.36364194198043104
-0.1848677731492113
-0.01656792435732516
-0.7780007446617703
0.4316932424841746
0.3163824416975737
0.3376427707361522
-0.06439076491425873
-0.2643514079030906
-0.1307297901067763
0.3277582444347281
0.29241143536968733
0.026192419346640794
-0.42439156844658543
-0.09822591892885882
0.1250883335501509
0.2210028452692665
0.08794716220389912
-0.18457472256467458
0.2662940298573332
-0.4466514708875497
0.19940253940366842
-0.1415724183980213
-0.1825296334936944
-0.16239840848922368
-0.6681732535115246
-0.4810895560933994
0.2141936206520481
0.23369130620645495
-0.02323040488654137
0.30979458954481
-0.20459034914649238
-0.18472455258085946
0.479131093277255
-0.31725373475051294
0.00498714587660746
0.004850895071438865
0.17889983772989973
0.013146046433845348
0.056916932675121656
0.02681909181654591
-0.748205671651342
-0.37161188672178225
-0.23880762705790012
0.1753360117267975
-0.10833939830009272
0.35347992140306256
0.0023441185752484995
0.3563836486364263
-1.5040464884730167
-0.2921580964548544
0.10487541738004189
0.1381244564960245
-0.14003929438110746
-0.2282708101680521
0.016780590347344616
-0.3794764138397188
-1.1309768807121252
-0.20581741817199473
-0.17177290571843468
0.156796991083331
-0.3814178790776681
0.361113621426385
0.13792707065700208
0.15423769612846405
-0.0191778365030983
-0.257387738480252
0.31229548433469556
-0.7235395631624251
0.04343689832145272
0.3979262830054693
0.1869103608678379
-0.06850699889318174
-0.22150082859246817
-0.5875348936722656
0.1865788485587422
0.2010925053908839
