-0.197576476299738
-0.8710426911602622
0.006183633100049412
0.15316492984917235
0.0880924945317725
-0.0308938366719278
0.030328400229758933
-0.15574354940487917
0.1847763726660897
-0.872730453740896
-0.39617390451090684
0.21132951214995313
-0.2148484796391951
-0.18115005299661555
0.2897274313433681
-0.15727895326762503
0.04485876427651646
-0.053624642469630626
0.11262313845768865
0.14894189029820198
0.2116643024163988
-0.188888046676575
0.1465061222114964
-0.983080858016641
-0.04192705079403723
-0.11590532482922755
-0.05340025839403939
0.2457374187514776
-0.5977433329282776
0.18174715185837806
-0.37752021903194405
-0.6224323779050996
-0.5338792107970167
-0.1196326883878182
0.050113683269095155
-0.09388761209044294
0.21541768061503808
-0.12914104043594832
0.12962527027442933
0.34481445817350675
-0.11267183764991576
-0.12653074105932055
0.0877031777483369
-0.38861174763372186
0.08386633856253616
-0.0014695187053778036
-0.10736582934870934
0.5402095160579913
-0.24994963616877047
0.051264801826908735
-1.2578479355740844
-0.08186535720472217
-0.16745884651471754
-0.31360158734182736
0.024997563153132594
-0.7994892159499029
-0.47419171551181216
-0.015243959366461812
0.11672577574785874
-0.0025755118582289098
0.2676202672701727
0.09006420664091881
0.47911733733462486
0.10191657663394475
0.18235229527186939
-0.42176435812008384
-0.5995089138203491
0.007959228580184524
-0.3230724203104231
0.13835155655191703
0.3341204291161519
-0.15324863906091157
0.08924772210383056
0.21638171721773655
-0.05809240450376331
0.013456027087727335
0.37418609678372144
0.4430504891463684
0.03723205290727573
-0.018944204779700227
-1.665884033234353
0.03333966255542275
0.3168865892204119
0.16239272574964309
-0.40814077468275956
0.048406125257609574
0.05715950910031751
0.49830850683563144
0.20524498925448292
-0.15349848087685786
0.14205154971067505
0.20498757065419998
-0.3485482146677644
0.00862881860953485
-0.07806545804169598
-0.35157084646301356
0.14127461280414982
-0.11242836399189653
0.1767736339924835
0.19511758158685563
0.16328289745498728
0.25153992267008257
-0.1251981682682918
0.2623838310429853
-0.2925802523995197
-0.03290735710852046
-0.0727393451214069
-0.16109581946160928
0.04974528842985976
0.1701969907282167
0.10965477259793943
-0.04964786822883237
-0.07527883003539344
-1.1126496239677144
0.3340360274471347
0.13076659455690684
-0.5523170907070349
0.21613866931265296
-0.3418883951724047
0.17838325740695124
0.08255539111155694
-0.18303563615036528
0.12143022422577758
-0.16170605124520937
0.09448873931055572
0.06109403938034894
0.21480821208535555
-0.38677405303669277
-0.1463393391040207
0.1051020621726821
0.285030679585947
0.14347433111447233
0.285876776192789
0.08123705081296377
0.15908835375574346
0.10573024321846132
0.014881105757122277
0.1663276711207363
-0.07350158673215326
-0.37826344060057343
-0.21780947983956436
-0.23681635859074174
0.20921966302250494
0.15898039240756795
-0.1288100707130229
0.43938522804407787
-0.5248487412610132
-0.4887865839565457
0.34946768535043093
0.376047117160163
-0.037182061619616576
-0.004069405057727482
0.0020681658986423544
-0.05190211795771292
0.4712606227886014
-0.5266063789744697
0.11824600267335712
0.3011914338907581
-0.13570917244693
0.23323691788126721
0.013901897375813687
-0.08939701763355667
0.14646084500605516
-0.10092497428075564
0.22631199459571313
0.1111360829016973
-0.28879487270463267
-0.09950350694559476
-0.10937907912957878
0.3461718740692331
-0.7779351669205827
-0.8083564279568399
-0.19457973740268947
0.3025763749552618
-0.39869156010713486
-0.4267695507600461
-0.14453754142946415
0.33230045252195317
0.5187077631513459
0.14436728736728127
-1.7368812825873152
0.02300891103392813
-0.017886606162171383
0.4256973489900105
0.28120549735494227
0.5412361039721396
-0.08438592534078035
-0.2749175395893004
0.22848256641840597
0.026916040913051116
-0.2041843590633031
-1.1907451956932518
0.1052578202707621
-0.47137350331176375
0.155030376605489
0.06847314136279663
0.24233427876411762
0.40187637175177526
0.0999787230395492
-0.9191353284856107
0.24359868732868648
0.28410255022651476
0.3615283075764999
-0.10552355834771246
-0.4982452991131498
0.20183026201057386
-0.40780978020919034
-0.12617788848819683
0.13103578866484455
0.2433835339167274
0.32189740532936256
-0.018057204441302828
0.3618857062650799
0.19883693156759943
-1.0396872511558861
0.4635630864144969
-0.10699132694579042
-0.08160219587348398
-0.2999304606036853
0.035596678791454714
0.12250065853863959
-0.0642031624454541
0.2390118048430227
0.16318642521344634
-0.49212699805099847
0.43779989462734836
0.27853042552558666
0.27831841727267653
0.2610252170548345
-0.1278052576087672
-0.15114851600108048
-0.23279687260805368
-0.1427030438202479
0.14626592392580878
0.2911562494375863
-0.0767024090060763
0.08618045220103966
0.3994379218775848
-0.4576886483867173
-0.010334260905067505
0.2594766360139831
0.12550722532327188
-0.19387137439209184
0.19674946060606235
-0.21988232485512055
-2.499907588542394
-0.1160726873398666
-0.635995981371677
0.13884254606977958
-0.12676809527660965
0.15185412012411448
0.09471321176789782
-0.05227885110970902
-0.034963858410974616
-0.10303683076766132
0.015382030204147568
-0.018510000621471158
-1.8102219899371694
-0.09895314636316646
0.4252270253858187
0.27712487833597416
0.37888394167622325
-0.31857960556149423
-0.3575903445345983
0.32133430427860277
0.3353936102484857
0.13035639824158873
-0.3157392698848603
0.3830930707635233
0.44366665270439787
-0.01603441644203814
-0.21912908763599132
-0.5305274887010456
0.011126668741794538
0.34675870164620265
0.21343860917086843
0.11585623313248086
0.3223192513334658
-0.06990682831223331
0.043582469214457215
0.3322380910796291
-0.7405521792974574
0.13540722006873523
0.07336241777920467
0.20943077621638886
0.17531242714472733
-0.17106750947671095
-0.17836942480621606
0.010802492304415032
0.2825293762677747
-0.3411105797036293
0.1409460934543449
-0.1939173242805447
-0.01173430918991123
0.21611130337139023
0.28602165892105236
-0.46047638674548896
-0.16100459693903724
0.2699048702198044
-0.07719400530246001
-0.11728282973956868
-0.21375424622985156
-0.3332580544802194
0.2604392081854595
0.10372924354328869
-0.07357021654337878
-0.3041187477064733
-0.18045983647345767
0.05601248961115801
-0.24882469570173646
-0.04086116711963371
0.15028191791282763
-0.5715107096349998
0.09495793347135774
0.40964289224174316
-0.03664518459351033
0.19764784202551278
-0.14703068809182723
-1.5539261177869639
0.04951253010309489
-0.10619164834129839
0.2157778966416224
-0.21017151390063216
-0.5907843371299879
-0.29676188984322693
-0.36645663399873174
0.14152939476911705
-0.12572260647314254
-0.10476072347840049
0.035825382194579494
0.2474388819836683
0.24377266679258822
0.28982906929317886
-0.03980877422789312
0.2430115866777421
-0.31874486460928686
0.24620054135200836
0.13019168636416634
0.10069550839509611
0.10123172983425413
-0.04560763652466302
0.20966158935593077
0.1295054668688686
0.30570817819012597
0.16633231902617557
-0.13867869953388967
0.1599045437367881
-0.18820345460104573
0.36444301145339525
0.25550960985390697
0.5256306140859731
0.10641856016687154
-0.3540627342516432
-0.16225101883332158
-0.7621199329206395
-0.08853644778256772
-0.4016204761346872
-0.42293852529424136
-0.04820839565140023
-0.4874155611804709
0.12509523886382232
-0.7920956561700107
0.004368277286940658
0.32558222942740955
0.2936268200769699
0.12192899084613877
-0.4280057865941166
-1.01356190499301
0.028512904666992966
0.00507420165024629
-0.26168993273029006
0.11828245126656094
0.4818582349291122
0.1410737043333158
0.0522857932714616
-0.30800029496238646
0.05859963127529257
0.38748241139416506
-0.14115001758008033
-0.13036482765090607
0.12700374227348082
-0.6501459671741606
-0.019784611441100296
-0.26312966680013067
0.2135126194374058
0.2166949346930369
0.07026413321303253
0.27809710463641574
0.13329337231425878
0.0790339916437091
-0.005768872434169864
-0.3595411320825773
-0.8776994931859269
0.15638911770798422
-0.436373764836552
-0.06882394518127036
-0.27431410290296787
-0.13060490192850543
0.06712665512671094
-0.04462079804808851
-0.20301761892703793
0.19519464095119332
-0.3548041836107646
-0.23417579951034587
-0.18409103188426004
0.1599379938021379
0.10031315451697453
0.44329240856966967
0.24896049269867673
0.1476207607267686
0.012942141108931448
0.09520292634674539
0.12130922960912291
0.03979074909680202
0.08091803527325188
0.1209040634707765
-2.0530624225765592
0.204827573571616
0.17273033114799502
0.3072716931813795
0.26356722380732667
-0.2823144901245893
-0.00561777202806103
-0.5871944217700923
0.23786334025972788
0.06111399028708041
0.001810718805149536
0.008320743121363739
-0.7808560795429831
0.13988593803003452
0.15638942845578194
0.12336927269485301
-0.20917205620938123
-0.21232840781236342
-0.46820876099944453
-0.04843013157154204
-0.17725269185710432
0.4562219484532529
-0.29951845895678664
0.21661981344445308
-0.0901925715959159
0.09055917771813088
0.16924057458519853
0.2742138376323552
0.37564486400746616
-0.09113293339188386
0.20861120355240156
0.04704153682487442
0.04980176435037388
-0.09476244026755617
0.1860507868029349
-2.488548160724183
0.4105982544085087
-0.08215738588212924
0.01824384886010675
0.09663747579995156
-0.2597067408565923
0.17062372690300806
0.39053999449695065
0.12282834780768567
0.3863870742017109
0.3416863271598626
-0.40371655380567856
-0.2659441397441543
0.27692038254676726
-1.3864019128781142
0.09864217003983736
0.3222394483724765
-0.13831615735059516
-0.10951691829046073
0.27103607897601434
0.07228676051654327
0.108373258929831
0.07104321191096641
-0.991797202442401
-0.6776512042987088
-0.3969145563403068
-0.9033838930001441
0.29050420821061695
0.22733542710973476
-0.07909414209865528
-0.05159297771482045
-0.19287870167220944
-0.42867471536827073
0.24126794476426658
-0.10946569440093537
0.19134003853919782
0.11357854412663722
-0.10798698756389824
-0.38105856956830014
0.3111412812370573
0.2013158074314115
0.008802974745787479
0.05301029066480829
0.23852049781924287
0.28861428730804145
-0.13069971669060426
0.1247792270275057
-0.6960785708642787
0.1960539517815438
0.24703071561163426
-0.1480290710579678
0.3758549969518068
-0.06146682755456341
0.10073750568568351
0.13946554029169503
-0.20653953462781974
-0.0712970526789138
0.2807327761575352
0.022397532252664356
-0.18725093700357673
-0.475901868304453
-0.13902193062460677
-0.24116031218558492
-0.14545062579911866
0.33592553996393937
0.04391988964763287
-0.06168606127806005
0.172291624079421
-0.46425245898477485
0.01667517862096212
-0.5683668340784804
-0.07772279651563359
0.2750665015293296
0.17477551556536017
0.21866948078173606
0.535455242980075
-0.522765204490643
-0.2606812359911123
-0.3579173428136899
0.25744328158188756
0.01490711208169736
0.2612682042939896
-0.561910823496832
0.17974389492969103
0.10090630743332347
-0.15812986325176764
0.07028115735632057
-0.2872566721617642
-0.3274803833317034
0.018660114347071443
-0.02028218690232326
-0.17401433547679032
0.00904733573408759
0.4348889736802296
0.35159751863468997
0.24242901803987776
0.10205356518509232
0.28917004046980477
-0.1213354811245982
0.25087077430045823
0.13055251056484424
0.1287713900664117
0.0267692764500005
-0.0709178999854174
-0.47093043182109273
-0.8339318916391267
0.21634765043464926
0.22457268098595412
-0.17759771274148078
0.20975652577783604
-0.0737770360792649
0.30241543099365015
0.10249171736497839
-0.1377446206037355
-1.095016205695288
-0.42967538516875836
-0.052668002641004186
-0.012738701018856102
0.19511140852488953
0.344441985357469
-0.23367131648262238
-0.060698717754467925
-0.21208902275395092
-0.38777896404420115
0.371644838855656
0.2226493062701605
-0.09507069865516951
-0.4144665958070692
-0.13360084058715122
-0.05914506568039122
0.3293036648323733
0.24068856563551644
0.30513250205175535
-0.0456429312307441
-0.09522779372248918
-0.14972206640660776
-0.5340848251696682
0.013910145744026497
-0.10985687390888488
0.1525708126813114
0.07467428557977054
0.1691679693611748
0.00037983567319538336
-0.12435829035431656
0.5680151145795871
0.07502884704065918
-0.03540599400347356
0.04409551339521438
0.1987690550658798
-1.368411253528137
-0.38701487383900884
-0.07969189433127058
0.27385102762539326
0.10596495438514833
-0.005944437207831782
-0.014828065943065738
0.3994794765169958
0.4064364440381337
-0.7515900049315962
0.2799414292146896
-0.16177881343006412
-0.4166935842881044
0.15402213261111766
0.05450426088098973
-0.4688698846440408
0.27059641897127384
0.10105061279097158
-0.054417616107865954
-0.32632321918388796
0.14421546580844113
0.145623995738024
0.2640446112981145
0.18452712527813275
0.1844354211822415
-0.021015223044707484
-0.218074153140177
0.2327671022368329
0.06180855832402636
0.1839706295386711
0.21455805375038164
-0.20603764939439578
0.08941913215364072
0.11641882328450368
0.13551401134423882
0.20613702318006655
-0.17825098874507622
0.0777538046451485
-0.18044274970069296
0.2882644749158596
0.2512904888507931
-0.2802946389510782
0.028788938968275436
0.2000117789660547
0.1681922518297969
0.4215604621009719
-0.5258046211460867
-0.09947971962052933
0.12647777736313087
0.1484667758051129
0.43923706354479863
0.3690769733383582
-0.33115371793543635
0.05336816247557089
-0.33568302084751667
0.2860182937640748
-0.04406009603891874
-0.13380219612943303
-0.40527209012406945
0.22347271953658465
0.36220088512241727
0.08661236141709233
-0.18753848119560954
-0.4102887918992522
-0.7691190571001132
-0.4543483136742602
-0.11958133828383226
0.24642614743075417
-0.08295061791619293
0.080981956521928
0.09873072297003174
0.16829334557596395
0.13292021728471462
0.1460185401824991
-0.07828210080348474
0.14010146413965116
-0.17166616779244864
-0.16764651290888813
-0.32601418834347284
0.26853397559377135
-0.1777521583607827
0.09737648701847737
-0.25504904752173274
-0.1349538495431301
0.027883946570441777
-0.1122875423552204
0.12307728898091319
0.21117896951610052
0.31337034934708813
0.058337883154777906
0.27968575054448747
-0.16545666525443894
0.23246349742579583
-0.13370643466419757
-0.004015651899851563
0.2820213256392721
-0.9904915989085572
0.15448936594677126
0.13226299475420417
-0.1372069495899008
0.31786132944087686
0.18525780994119115
-0.6920547885131912
-0.20305017687284233
0.22456292059405225
-0.06650446703711274
-0.22018151040617168
0.1966607408010982
0.25043500805244806
0.11878163268666789
-0.09611819054028695
-0.5524710193068293
0.18969361573204402
0.16390066547257431
-0.3723882468119495
-0.15990616039181293
-0.6959242794801863
-0.14807385711653542
0.3877412235763333
-0.026017970311654037
-0.09373718541505893
-0.2697425750982373
-0.5233025712475621
-1.1307224354992242
0.2027258274527243
0.05423340118510787
0.011326716983753727
-0.06355670831936619
-1.1720598775718825
-0.09398578948502524
0.1718657261617643
0.32279298631480013
0.5354868828406717
0.30960922118727885
0.26123295915395545
0.3012808854916702
-0.521310145089488
0.11557644182041893
0.19901458229295113
-0.08107111348389644
0.12197913438736412
-0.37852449391511006
-0.07444752343867059
0.19025546293058926
0.08624862976747011
-0.8025026620498933
0.02566689668473392
-0.18945591197314599
-0.041373238183553374
0.011902911032676895
0.07970966286211625
-0.3152675787539015
-0.2665389198293004
0.04601739771621444
0.30398681154560075
-0.2355659816867043
0.0440979845264135
0.43280524052505254
-0.7654207007785071
0.30364782899807063
0.0045338952786300015
0.06125368462385962
-0.27128584893181296
0.3936136125536075
-0.002200261752484861
-0.03644397366974286
0.20368118048488598
-0.09107694656846592
0.05697811219729983
0.004080032633196456
0.22107823882649064
-0.01950810073749691
0.3080399621974706
-0.3802208815044234
0.12220608373281112
0.3793772672221792
-0.10178274874746851
-0.23433726050541068
-0.011258031074225605
-0.12094896570315321
0.12092709468359389
0.08272552939040595
0.06694456027066484
0.41538287754555103
-0.20510106794142544
-0.4370928608616653
-0.3562851080631829
0.16527595333666145
-0.09200324622144744
0.1860584176434485
0.2311757642179582
0.10628301812716165
0.007044789091577375
-0.1375334720238694
0.14119589229828644
-0.2686353626649118
-0.8856782842787234
0.3518198233571571
-0.09222773671185898
-0.0423035275324686
0.411202923155986
0.03490846546412395
-0.47523592149905214
-0.15458630865735395
-0.13291404646199403
-0.12087604260314788
-0.06875394736440897
-0.3388656475356049
0.453256909994982
-0.07218371856165752
0.09608903163254576
-0.08936208065957138
-0.593772381939254
0.1418932089659381
-0.4095396592956814
0.22966259921986226
0.11112650240668583
0.43693192522194535
-0.3813289231999149
0.3393756906794052
-0.16549728286327028
-1.3319262301570376
0.39309196468331853
-0.4109688070244025
-0.09849233715501024
0.203114093650763
0.10612244392726142
0.020402270540898375
-0.16108595611469084
-0.37575503852188774
0.2585899506409998
0.14166272545965994
0.0285811119084602
0.1878620986979889
0.081504569631385
0.14615797731040928
0.05881018908517203
0.2572492961331585
-0.30984630180638073
-0.12480404633485387
-0.007282261387814471
-0.12371815225610934
-0.41255366139824334
0.21693789788886292
-0.02742353295805202
-0.2779078336038313
0.031020011885748728
0.271186079323105
0.2196104993730656
0.3880414844294077
-0.19658838074517815
-0.07748705886445348
-0.0070342742063505435
0.03484124746282129
0.04396968474884717
0.03980612567219327
-0.2860212349452431
-0.20151264794047657
-0.1205652649251322
0.03107955562337278
-0.2962609977775453
-0.5256486967573529
-0.11383565917161506
0.25806666371194575
-0.13761616523863046
-0.06256383228626088
0.22080687338048458
0.190295643520656
0.314645952631638
0.4173091248009264
0.10713264756283439
0.2330609480460884
0.23308566871124659
0.06174029425841915
-0.3217127270412933
-0.36867022959638446
-0.14772385717669534
0.040362110331525494
0.3290163567251752
0.12789734352482052
0.11129615220021735
0.14217199285213664
0.25051148561342806
-0.11741112044738389
-0.4871689508630226
-0.3536205136892955
0.5488970842525797
-0.07314403409428974
0.22333740424651422
0.16920848438422123
-0.10413198382570954
0.04991976373658706
0.11502481617455937
0.08147383287772349
0.12079123979833144
-1.0016527973536964
0.040423719123999564
0.04643614215847049
0.006456276465487264
-0.13767167048743822
-0.11906438478595119
-0.10020858632204281
-0.08303179833792619
-0.3910874597633852
0.17597587104824405
-0.09415990786380687
0.1985361555580382
0.15917462493823648
-0.185118390441498
0.06988252822840121
0.12060554043070282
0.009670259910235738
0.24398925541616565
0.1663835438846207
0.4925729871532497
0.2210744194744914
0.1632004453797716
0.14255169563322106
0.14479421941360138
0.042863181411656494
0.21177968904622912
-0.7982991712369947
0.25799583902145756
-0.043164709536244794
0.053765451307849946
0.024873104162754324
-0.07640487382978559
-0.5753624125230575
-0.06413035730776231
-0.09554999263996429
0.11845269651545878
-0.03949016794599206
-0.16910716690462704
-0.12728730058551124
-0.937442363594861
-0.11441231773831559
-0.5712789878267834
-0.2591165561029627
0.1636433228311001
0.29511864025017864
-0.04969500790291599
-0.2511161166827097
0.2534301149249676
-0.11057385234910475
-0.173995934989777
-0.10862775413542106
0.16118738395194587
0.2892847149499339
0.20985659631224296
-0.14036263812529054
-0.03394120188014395
0.09203922644472015
0.3921221474430068
-0.04291033187628116
0.3632965796402634
0.08759400333485479
0.3154888494330422
-0.16874829096770202
0.12232431004609161
0.3087278906048581
0.08484182762463603
0.021373956375444415
0.2177126479851787
0.19638001059583096
0.2097815314598753
-0.3651794892122501
0.031426871742963755
-0.05067182538340857
0.27067876893874093
-0.3980699098611546
-0.46796866259085573
0.1189629759957482
0.4134682784246643
-0.15232828324336478
0.06057280603171591
-0.8664761754872554
0.08112657758421293
0.5681207720926313
0.24788642841663938
-0.2599127578858532
-1.6985756590127
0.11717042123561754
0.08701943103360352
0.16428657783543313
-0.12509528465149208
-0.040040897043876277
-0.04931057520199752
0.15952863898277686
0.05482403228615287
0.19296963842330012
-0.2066378871291831
-0.02705540200151866
-0.022748049751795008
-0.0036351319149743764
0.33143402136341293
-0.12003432623031365
0.00483357258179642
-0.039587082545618456
-0.47261911282318847
-0.2400155486581704
