-0.06633257051439134
0.32722511047329655
-0.042296660660970306
-0.5792132333365465
-0.10047582884499932
0.11231922807701471
0.026015974298151705
0.08945971247972123
-0.10380862187554725
-0.23613476788685736
-0.015020737863292843
-0.04619613026355417
-0.3813924552583422
-0.3660688285491676
-0.24375470377747804
-0.1924658799695349
-0.07624583235922089
-0.02166713850295591
0.018818399123426793
-0.7150805923172608
0.28891643519694094
0.033320587897874364
0.26397248151100206
0.09125418786900372
0.2523864107055147
0.040452223995307776
-0.029144742895659624
0.4719858838424035
-0.4337581876440712
0.25548424842562256
-0.6736581977930521
0.032442409206477084
-0.38948296052652814
-0.41523126854232706
0.02244242148956859
0.1019190707581155
0.13258035338960586
-0.042851479328111654
0.19139923562830868
-0.054574724631779495
0.027372753759351776
0.23396590440065093
0.1927433540761353
-0.21704585558963152
-0.08479084152564173
0.49984555379931583
0.06977412500826068
-0.19339216994265948
-0.30120494061099784
0.12891288660735145
-0.059670918903776446
0.11403257524441661
0.24306664866827568
-0.37350122761135335
-0.2523440704508423
0.1633966602154326
0.46563076153866295
0.0528270673627798
0.3668060369497247
0.06415372030147289
-0.06503480120429833
0.43470319799030355
-0.019832748749746186
-0.3765838310364898
-0.10430942912087895
-0.5657841249407303
0.04870904298848529
0.058985894125913686
0.06958258905552729
0.04713058164319321
0.2956683206009857
0.6405956068416399
0.30921194039319244
0.07408046796690917
-0.06339787298608743
0.28952386939611396
-0.46847725262126366
-0.0769909638773841
-0.06464369570827055
0.16471050964837686
0.17784770486480042
-0.2952117702615172
0.24318445600198926
0.17053574069775113
-0.21094563199621033
0.10943769384512195
0.017945585547817184
0.23208939235744214
-0.014142289819605625
-0.06402973271778155
-0.12029721926069196
0.01571044143625216
0.2972279352928951
-0.08632551064670825
0.14130239608231845
-0.018168855710212577
0.27864558953672597
-0.08076432005194778
0.09427384514664217
0.003375567155739806
0.2060989775073348
-0.17195326756009563
0.14121726116147354
0.049065824951150847
-0.19070454937838907
0.16772475155765368
0.08919166175577946
0.2549113439930994
0.11955189124715855
-1.408661778810429
-0.10718133602277673
0.07900302288049343
-0.24563256842872852
0.2292427672382173
-0.07662903695855897
0.0004220001097933912
-0.04879000393120029
-0.18969967962696385
-0.22778174247866828
0.311024548829596
-0.9836036218414241
0.041913943718385215
-0.08645577258015172
0.16194421747028634
-0.511230151046826
-1.8113003992957402
-0.059590301792882536
-0.01780844903432214
0.06962716727201393
-0.17398365808809732
0.27313473930234294
0.2362806746350396
-0.3070026331815126
0.1401479948058704
0.38936785766139453
-0.7054221733839883
-0.23927711430173731
0.43496337807031515
0.2216845440568807
0.04890522201409111
0.09122474340230305
0.07289038749532027
0.07673255681844679
0.5445435671723359
0.19701569270457114
-0.21397024451309626
-0.31092667844340227
-1.5908268085557717
-0.1764851384869386
0.7896827420671129
0.10434780708082321
0.06367192456865851
0.14934818473622063
-0.8589237543837361
-0.11032095819591929
-0.13698670030189897
0.4063719837245949
-0.1525201830208364
-0.16872612123134523
0.2974932385789598
0.12181440328330059
-0.9531147552162853
-0.5338681507552071
0.2695982725449173
0.03736909946992629
0.4227730171885883
-0.026093204020187787
-0.4415995098103248
0.21301177036211336
-0.6807321494102694
-0.39422188628327953
-0.043518649012375586
-0.35567209401241595
-0.7479453097906175
0.0057203597428764855
-0.02199231072562005
-0.17669980030437238
-0.43627739596130716
-0.25936355077891193
0.08498651537791675
0.3338654080462895
0.02092548181740469
-0.4095628111620414
0.12736214952435504
0.18713314476711168
-3.2165377170283307
0.622744413245887
-0.15540696984765492
-0.17855960950240254
-0.43301148840548553
-0.28051361510566075
-0.3432370153183593
-0.16525295746475613
0.1973632410827651
0.13372023752005413
-1.4556981320719493
-1.2996769850869883
-0.17969061586427443
0.27874897819734457
-0.11757860240584447
0.23671349223969637
-0.3381874525353771
0.09950229823326695
0.02699433696294575
-0.20855618313836724
0.2734343410683247
-0.25217275829329033
-0.29865802631470845
0.020015761947000138
-0.0644245878509391
-0.010122713501888748
0.016590214590011098
-0.5198731486037527
-0.10236782537160993
0.09433050580263609
-1.1961397468619435
-0.49449280456526595
-0.12348167609924716
0.2413117447198021
-0.008446539341630444
-0.04084754309973393
0.34811687507998645
-0.3165141732527913
-0.12477277997900912
-0.09738393949526063
0.24377164948856342
0.4187483879547001
-0.49565884080384803
-0.047616001210410916
0.454522064632758
-1.634255869977104
0.10262598873866682
-0.14634537483408183
-0.19655762700244692
0.15437304808241467
-0.2580471447379703
-0.41504178135624564
0.09073868915260627
0.11680323982766368
0.08242122251244753
-0.1378887009695341
0.4527014472084533
0.16852397324807908
-0.4581231319402792
0.07821799112143121
0.13043279662553095
0.21642081678546035
-0.1893006195455388
0.24991007910421975
0.21793273295242152
0.8991160878537021
-0.13301919398505402
0.07443657923613854
0.13650708940989315
0.39142848936156716
0.1567635703197415
-0.05888954762479835
-2.954801998628832
0.5998739595930933
0.06475888524868953
-0.32519036701773274
0.10119025529765997
-0.1328972236258587
-0.2416847078420191
0.05244498644248129
0.1732756867066452
0.3427021457114202
-0.2600328844927776
0.4395596717079159
0.3491165051378414
-0.2868246565807149
0.28110616151704915
-0.3073030071008878
0.20294238354639832
-0.27962336092358375
0.05570320385114173
-0.27670921760974454
0.2990759074468179
0.1842064068735026
0.19979152216617974
0.11603362817450788
0.21441142621039527
-0.03087123724803864
-0.15224244178581214
-0.27168355707624453
-0.25090504584136114
-0.20771649846768586
0.12442140454158221
0.2531592413866125
0.5869274531772428
0.06659658674639969
0.0010881178413821282
0.1006127156674137
0.1354894022759095
-0.4530531940527327
-0.13699813166421004
-0.03669654912500496
0.37245942607670857
0.28600313514952624
-0.33262448387968163
0.009731957998724946
-1.4741771449864167
-0.0904082870039826
-1.0256235333885453
-0.08481129186154276
-0.08559413198173105
-1.5076160738898934
0.11546940064691757
-0.17209319655811442
-0.04267084004591699
-0.22525732381167987
0.33648322784553664
0.48567335712814896
0.3341953973969847
0.2750996798140822
-3.462734992889516e-05
-0.09170664956097556
0.34802270443124983
-0.023928374146361786
0.27954565887888977
-0.12684349043116003
0.12948565805281056
-0.31769042237828293
-0.413888484878723
-0.06991867120496831
0.2852996155002926
-0.1668221442513609
0.4037256974495366
0.21599314981058063
-0.5907949538244914
0.6315870809773236
0.027748762904094303
-0.11311882276905286
-0.4347682582408451
-2.247176095495935
-0.2024852020807631
-0.1281208642204832
-0.4116301897594933
-0.16668482447503075
-0.23390776492316365
0.5043743109372123
-0.5505280517856479
0.2771349054568257
-0.4963249075815904
-0.008702078023085607
0.15143937992943118
0.05516043707084108
0.04010286858762439
-0.002579911183824615
-0.0269865208956653
0.13255374935801081
-0.6011092482425199
-0.08587456215677278
-0.07229879991851103
-0.029368611820504837
-0.4524856346443046
0.18987825712707748
-0.09226574921688373
-0.3294596882543229
-0.10587971367659614
0.17560332098775117
-0.4148743307167149
0.14358857019663004
-0.2752150529649622
-0.08373405076553589
0.11328277648625931
0.39777614033101727
0.06252925469310266
0.05667574612553604
0.05307243258987371
-0.19510782653397535
0.2774456685529321
-0.05133147068068141
-0.3955137126419356
0.36733711592036966
-0.12406929617189022
-0.140218479644533
0.017679248241985045
-0.14722325251169757
-0.2148312778740719
0.16107272355751
0.2132031931227934
-0.008932706918270234
-1.5960018340928985
-0.0015888438892488366
-0.08042655121808216
0.16968957283507063
0.04802228879724356
0.19180376375674468
-0.054198546074950074
0.36822279314880485
-0.41694800626935236
0.13239398838352406
-0.019809916941333196
0.032044265829620486
0.07455461107586207
0.013542335814089191
0.23947124758663513
-0.1438198629029431
0.37404453993778103
0.11455247721902866
0.14672168163828248
0.1359970605947466
-0.8127065920399321
-0.3334619717794456
-0.24178928562988325
-0.06414274031332937
0.39398879890945737
0.060848206525437355
-0.07007840768717657
-0.2145055655565815
0.41249575352654305
-0.15335142225331003
-0.15905635453075467
0.2886909461537075
-0.6722424636830432
0.14559058297071462
0.058927642174782226
-0.09711141713268842
-0.02090219515030186
0.01116469616774513
0.22899755176815467
0.1409442803971337
0.22852817138717704
0.20978787146056802
-0.048276235418451684
0.18312361321800236
0.3843264146857575
0.26656918319596745
0.1072762371150154
-0.42239427992925566
-0.46346569618071287
-0.05754896631797103
0.10814004855803172
-0.16793341726215347
-0.11746229249898088
-0.328459182165371
-0.7223830677671603
-0.42569302830213845
-0.0635609155458714
0.4788553624424293
0.30227734844532744
-0.14996073317249003
-0.1641355174651988
0.2752149391769136
0.06850586925958994
0.0706683021921067
0.01907832826896757
-0.14517545427765316
0.09076071411070225
-0.08771935429142412
0.5105651787234369
0.41302833080274615
0.09739533793463502
0.17881415745078982
-0.15104280634554093
-0.09213870401565304
0.15595448645014753
-0.21725058702595273
0.3274892359119028
0.07092847765371674
-1.1796053969282285
0.04483863518097695
0.1330412268917756
-0.13030834607945213
-0.02006722328491258
0.211836148305303
0.24997105493650024
-0.46978768805720844
0.18004782577821982
-0.06575935350738574
-0.34423995332956325
0.06710581013352027
-0.21654523057958813
0.00767592427622796
-0.027409423042136494
-0.5203450579234278
0.21242769332383138
0.1962707822623877
-0.13238102077246658
0.22754751460429473
0.21465232782090435
0.3958679992135064
0.044111375162097934
-0.003666575444009679
-0.2474943472092177
0.23703426827767426
0.12231088453311612
-0.4131172952404766
-0.021385167480103728
0.33076872432979487
0.5551973732211604
0.026218635238386377
-0.25032894016619045
-0.7863975506806734
0.3280154684903655
-0.2321108158506683
-0.05594457415720873
-0.185944552682772
0.22841982113201936
-0.007658486307146611
-0.6163066772289781
-0.4886512308065963
0.15375352388651348
-0.7193203774859849
-0.2552429513770841
-0.3475033136430118
-0.051759584802176725
0.21656610154192607
-0.22262328658741587
0.4625357275257039
0.03131448232488818
0.047726796834030305
0.4150873244850719
-0.2195282734900042
0.1486537016362541
0.10720255776608656
-0.4068769836561611
0.37248740826026866
0.25740460383593117
-0.5061846751699888
0.1749697841156707
0.46078140978924254
-0.1919887544856084
0.01995224026006187
-0.18069960646841585
-0.5759557212439301
0.1710600695547981
0.05393611925644237
-0.11073746508530853
-0.6785133460610069
0.09155652536893333
-0.46939810998225023
-0.3170347076066106
0.21092435478650146
0.272117142218271
0.4482068041406933
0.08628623905765384
-0.6710306142468481
0.2194544509640397
-0.09835627522034943
-0.14280221080446903
-0.24536309284268146
-0.5141115631877449
0.011593906387794662
-0.7246097368192597
0.01487906297143643
0.15608597009332412
-0.07561701277647655
0.06710783813718761
0.10474045417576341
-0.029555221503181885
0.4310295520666411
-0.10676159334805294
0.2908855029190421
-0.16915645231568172
-0.0030073219813843257
0.29055910649685696
0.2431160826995667
-0.45060848213993693
-0.0781963359214055
0.2222344432352504
0.14185093661114295
0.4071534925995907
-0.27185463796628373
-0.1499048647088183
0.3127804204185885
-0.21437273624029746
0.12716233325845236
0.04682540832158418
-0.46881264856921917
0.2304543148668463
0.2563348427928481
0.09084181786248098
-0.18369648249678325
0.2792275368939287
-0.11632488996855832
0.3522610002979988
0.2814779246201492
-0.12212901937993088
0.1928265452780688
-0.05846142760403317
0.12691037632647956
-0.34181270405614356
0.4063813973374547
-0.40193897024034825
-0.09996906165843421
0.21536398046168656
-0.06441233203144041
-1.9561623657141598
-0.19681564245082397
0.2973944635449224
0.6892927554282904
-0.21240520749340863
0.17536976129318074
0.2155204698527214
0.06562537818411603
0.1010231880658123
0.034266568461235034
0.43461994223770206
-0.24536376097243875
-0.3536254126041044
-0.06804901499570519
-0.1240462347689856
0.3252270782483457
0.12826181576547674
0.41105522922809695
0.2960805189026202
0.31167905070356355
0.12991051036725518
0.20498507547613073
-0.10643996083374696
0.033946916845993394
-0.4811021946885724
-1.4711686427536057
0.1469272490823994
0.27376375004211556
0.08104589686243006
0.4171670874950008
0.025268816865312994
0.30281921618860896
-0.38945883774876056
-0.10213878249679635
0.12795325096666538
0.1832864272036389
-0.03748335942405928
0.25751734191545794
-0.3949312405622013
-0.3983272720509806
0.24600787491440523
-0.03434063543772487
0.1728999654543874
-0.1088305009913781
-0.13016504698379136
0.28758757159078074
0.2855555655020175
-0.05686821033718511
0.3539297607721445
-0.4367834026205964
-0.49449280456526595
-0.02127672815693089
-0.49699992260858805
-0.14947540285702077
-0.011534612781431525
0.030078913726686814
0.17563363396632925
-0.17072525769605845
0.1715815552462983
-1.031122887070254
-0.16243239426699238
0.06465724204085417
0.21751639230144945
0.2757801979280087
0.2823137558456142
-0.3101930298052946
0.42421767269857974
0.06384596401312286
0.026742715492193876
0.21889984273096644
0.1087835788282558
0.0602220091887896
0.09129700004550909
-0.09128913515662351
0.2627991032221736
-0.13472430084307802
-0.7415958280235911
-0.20430986285746808
0.12184270345300549
-0.1341127943866137
-0.23732574028321266
0.08443500275239295
0.5282880482522837
0.02408003911090074
0.019765163374017833
0.34438810293209926
-1.5621302299189306
-0.3115484309326726
-0.07599871787446275
-0.0775680608294167
0.18365403626118154
0.015198074299571207
-0.5449030503233123
0.04880089989268025
0.08842666132038501
0.15109049509055533
-1.2785584058873332
-0.31352075135701113
0.2931468356944407
-0.5186257905814687
0.15596543461936996
-0.1727482534136005
-0.5101979170775366
-0.5696322568457493
-0.1642913079808503
0.06977819784565849
0.040895828386281946
-0.0734420405371506
0.3043408798380628
0.04558557545202328
0.2054498280060047
0.1527335166780957
-0.05152746587960758
0.1448589533559051
0.15918601551199993
0.3191653783939754
-0.51384610744481
0.09950229823326695
-0.021846504295208024
-0.12389029230902002
0.2771214442691866
0.4609111869907697
0.03793119107811717
0.12340340584708076
0.22285443031931132
0.24642422693112787
0.5236382020054682
-0.3576723646165384
0.12024436451390988
0.11849959963677059
-0.31431163164141307
0.046766474647805
-0.20129439557851728
0.06105900297349191
-0.03090823732286751
-0.04551790708787227
-0.22911957783753012
-0.00270496660154492
0.08763648845663187
0.501090490010226
0.14527110800768234
0.5319267744611855
-0.16438283931309955
0.20384044591733033
-0.05517124060776428
0.13795113780508172
-0.9920304442015059
-0.1570907441048408
-0.4460576448916534
-0.004676168347954546
-3.0738662812423074
0.06700207990262015
-0.03446499993664729
0.32469820516667236
-0.34986826543723853
0.2162807718794822
-0.1713520954213525
-0.03941320401344939
0.2277397915002261
0.1785397656069299
0.22805045319136327
0.41565070539731536
-0.38013840482724687
0.16299140203482154
-0.2579526134925419
0.1043866385710499
0.22321534419512323
0.15102687415541488
0.3439325220247349
-0.05554560009895269
-0.5581287379787637
-1.3869893245360578
-0.021182206284526283
0.1860676594075637
-0.7584776246567345
0.28766219705024115
0.05119576382574549
0.35242248027894296
0.1037239057680976
0.06513212161443802
0.4443768873022805
-0.5570499481866241
-0.21671758495966156
0.16756627627786475
0.7846122250767855
0.3939649115591864
0.2949604228565349
-0.505613613389888
0.2709648322241646
0.31122168923267635
-0.2201903969182668
-0.25522661636161326
-1.000072933829277
0.25560866845783276
0.17892914977959723
0.02876640390908916
0.047696820639028116
-0.18720035283175282
0.3416456105582708
-0.4113017033456514
-0.16789261515096462
0.21767347056005795
0.030166968913368584
0.20202448412667726
0.2832985192914823
-0.00092570459994534
-0.07084113954667219
-0.20019536363235718
0.4261674965204175
0.18812917202833154
0.30347950673462254
-0.03013905637967057
-0.4260774742844345
-0.0829193690257118
-0.1863684169485718
0.1576697237757601
0.07828584028113594
-0.322279137626481
-0.17322550320911861
0.2488886154786741
0.05518111102031007
-0.03484911878609409
0.06808656167399756
0.06385261297491725
-0.6265903196144734
-0.33514059332229523
-0.011961122857110368
-0.7580207111375938
0.3831941230778734
-0.05575345826816367
-0.40733005486348084
0.04951323654938829
-0.13213522096824404
-0.5855400428478179
-0.582307842138936
-0.2561047715336128
0.11629728841403711
0.06797040012263267
-0.1769975998542773
0.02631783561527083
0.34839891205764306
-0.0019462122690316551
0.14740566716166922
-0.3675082162353746
0.0034985035111281928
-0.1850838998319692
0.11989764170682042
-0.32615484408421047
-0.3362159022087187
0.1299594750381326
-0.05600021526187536
-0.2678290700350221
-0.0049241890855884155
0.2860754822475398
-0.24826540323055904
-1.0599926196167861
0.15199971729241826
-0.08389757176328523
-0.14309156940961396
0.2397435908573156
-0.0933110616089623
-0.4972552503412184
0.09843894655276055
-0.28539979567444823
-0.36827598650504456
0.011192752054091697
0.28703557387849843
-0.21972642490152636
-0.5250236089217919
-0.1951603987823658
0.24227869593518245
0.3673020275854404
0.28780828282152393
0.27665555320133417
-0.06524233338953218
-0.02062245676345506
0.26836851905364095
0.3196998684364785
0.08157275257588945
0.1689422412595587
-0.09512321351657389
0.17542309001171125
-0.27084468632808706
0.3150984026459529
-0.10414782631366633
-1.2411215122765609
0.22679797863573414
-0.24448721652771202
0.05767800142179123
-0.21412859401478027
-0.010911489877214409
-0.012532863487838738
0.030271220652793383
0.00211259968231091
0.15703951975657202
-0.12086276541008611
0.018645302952006997
0.019884543989512893
0.19023080548507923
0.026426715298697584
-0.0207522342749779
-0.20720806108075882
0.3465520245429527
-0.7039998429222448
-0.4645586132145624
0.18468332960012357
-0.036762444059121185
-0.04158520458388122
-0.21143775524634814
-0.0517239373925019
-0.23263555367310848
-0.37181962948660796
-0.37702276849095484
0.12024359903947954
0.18788494094912722
-0.1552540318212135
-0.25174493878156146
-0.5673622215270098
0.33121520247277053
0.46340687771453676
-0.35388222038088146
0.273163393005748
0.3049059262416506
0.042289246533187566
-0.27614841963964354
0.10296945907891586
0.18792329020918794
0.11573111011350874
0.04783370000468569
-0.45859236512986845
0.33492781352304224
-0.1747055950345739
-0.3763687066789666
0.35712122545981356
0.015817585421333113
-0.5272902852183412
-0.5470829523262191
0.2459164939361233
-0.16459988002987344
0.07106401761726708
0.23409882958995282
0.14298705226287795
0.018754926684128842
0.00019740955259023584
0.1048526498085867
-0.09003580943164702
-0.6669552720771711
0.41195009613975203
0.1428654800780204
0.11707485910428103
-0.3444739173740652
0.2228619538152028
0.42654697857332524
0.3585804231498544
-0.012217511210604739
-0.20993399110761812
0.0819594109274109
0.058159314304739265
-0.024954641114478204
0.47783241915002883
0.1382406387846737
0.18603171709718863
-0.01067419565433381
0.29097462657581924
0.1712959356850352
0.09954722057608525
0.1968201971348517
0.0022809726145324285
0.12005129821317065
0.1629563801692651
0.1034041138595837
0.2155384932391926
-0.09088872459991447
0.1985770654401333
0.18888927554148283
0.03348676243237425
-0.04974468185370767
-0.18906823809937254
0.40557786642012683
-1.7219997846154018
0.03411229867042534
0.33069698154546207
0.2651280347056558
0.2757870884002923
0.39066215905636226
0.2468110547206949
-0.63941919458781
-0.11670548940489453
0.6412306335814514
0.18842649759946412
0.07114079506285007
0.3218769913139715
-0.6420719953544682
-0.10686355753140606
0.1543206355671284
-0.6715154074023417
-0.794626163769216
-0.16646759303921604
-0.1516594548348678
-0.028549914510213985
-0.4596083476512035
0.2924370493334038
0.5315623847298854
0.3474549686139525
0.14651534231258162
0.18785193656636934
-0.01769980287052708
-0.21302929127967124
-0.08518908736571376
-0.38219340097797555
-0.23393020565591582
