-0.03785006388487304
0.11796423662888575
-0.3822255107878951
0.13682685691833688
-0.8517419703281133
-0.41080997451538065
0.3327442392184158
0.24814745907706745
-0.6608819141199201
0.29620105854930934
-0.19371637907204542
0.2617465384041261
-0.311248933349672
0.19019025628378058
0.1920026427406325
0.026599489080705634
-0.5676498645782962
0.15175127488925813
-0.1685077253844342
-0.4544825576848468
-0.03512900989524368
0.23670319579318305
-0.2981392042963164
-0.038612324665791786
-0.9122217260490022
-0.1308228757879041
0.0938118254303284
0.0597444491466822
0.12360954086714002
0.5363265653400796
-0.5506127628615084
-0.6813966131172655
-0.3104629810208356
-0.12739532242583337
0.06560202973305093
-0.112863527904251
0.22315655695136774
0.3135617566668405
0.2660390509042354
-0.007369584887912369
-0.3334929157079821
-0.18027526851250383
-0.058309997646563395
0.27545352387727706
-0.002555544115474634
-0.2140937148107048
-0.1992574076258014
-0.19899223185028986
0.1087430312463274
0.17171140704668986
-0.15755557965615213
0.3269684499258235
0.28235378563944596
-0.030191530181260695
0.5200190731467023
-0.16062951388059177
0.15309423174749429
0.2807653718753985
0.1902916759113565
-0.22852024779870822
-0.4382583967586825
0.2232217076382335
0.027479268471507674
0.18222257086371046
0.22687026381175043
0.12634811950612349
0.03601900295192765
0.08147698547656824
0.09325619174230375
-0.03643584808801395
0.2218156760073607
0.14194442506648514
-0.3993136312499149
0.24286501638454192
-0.2733564854741176
0.034054326660551755
-0.15280578252791166
0.13494927455234518
0.2558428725244061
0.5469470073399434
0.06131702567093452
0.06805960698397259
0.04027260596129919
0.042010265635315666
0.016247910489186418
-0.13155030228143305
0.18535501412788116
-0.44371438225841775
-0.041376060432875096
-0.14358731117877904
-0.07042003766782892
-0.3842377894466565
0.25656668425331863
0.36131307564113224
0.19922944565174805
-0.016873668967562216
0.06269538686547993
0.22414885658209177
-0.07071127726815203
-0.28330340041083607
0.11701374029365966
0.32901621689257227
0.08827403914930512
-0.6451398765985199
-0.14557878661986137
-0.6576487353827517
0.06602254747895968
0.114291026908843
-0.15944661657169132
-4.0099912243981946
0.2774454601371005
0.1643562871325369
-0.15343134160927827
0.12718431578777192
-0.2082343857498475
0.19713964555282615
0.1701528537242826
-0.08670743654405089
0.1655146327924377
-1.0482159496219883
0.1747219521070112
0.07896676655515694
-0.3919842691074993
0.22541189818860743
0.03485119479723704
0.08939331471329297
-0.3765357639402819
-0.6606401359231777
-0.24863881365782362
-0.07805481452575032
-0.017537885541318167
0.23566451166098354
-0.03513162314789629
0.12679292827317953
-0.07450068124555376
0.11469330293493511
0.015180510807961586
-0.08416484795631604
0.2558073703399279
0.18375468439604445
0.003568805536376196
0.03911229028872931
0.2552005536242112
0.07532867118806366
-0.40969662816713354
0.08719946333074828
0.12227475238136871
0.13030030632657136
-0.0673462325450985
-0.45416197314655005
0.11694468891092216
-0.17647640710154505
-0.017304218277025378
-0.73516633742711
-0.1973718009251581
0.007407474188395458
-0.3587195707841597
0.19220132958757366
0.13993611991840407
0.14124843963840217
-0.20264202570615614
-0.9189377865434822
0.1888054603885661
-0.2197710637597537
-0.42645419876614665
-0.030988404437187568
0.013399866413212936
0.003741057709674758
0.02348015695876075
-0.04095550173312843
-0.20312131281315274
-0.28566212868195595
-0.15021106334927387
-0.011751814165567188
0.15483418097653442
-0.24790536394633894
0.057815499899655155
-0.6233684597110625
0.34568840046277166
0.14869648726568774
0.3472965603743973
0.19961325093279958
-0.9745479004079156
0.5203590717109435
-0.16087630020013352
-0.08658899765624974
0.1762865687750212
-0.7071576618032746
-0.1462623986758847
-0.18719564109446246
0.06566869885087992
-0.00011443505804434317
-0.026258304363202766
-0.019883076541759793
0.2595882473043386
0.24339310916276732
-0.21163847230426858
0.029875642064075482
0.08180242970140852
-0.03871235953132759
-0.19792089275260846
-0.4198858010880199
-0.3040861170445477
-0.10803962527708841
-0.41377088330488665
-0.19054466383597704
0.07924259056329219
0.0807821551393162
-0.5095094666817497
0.08724828645762768
0.44235087138850615
-0.1608832776910844
-0.29885168323711603
-0.028251760320037157
-0.13327005811430753
-0.05954117810412324
-0.1982241412006625
0.02434360279693366
-0.13975181306558807
0.4205637343161728
-0.5375876613619691
0.22330555452680573
0.09000237913061851
0.4025665619969704
0.1587143972603601
-0.05182206209559394
-0.20057893409310174
0.35052024610638555
-0.4809258127990465
0.36834957738926366
-0.05463349096707384
0.07590566389641464
0.28733353511531423
0.1901832923507631
0.15082201965624695
0.5145636931878033
-0.18457371070228962
-0.16791441329081713
0.10282840485930847
0.0982610875970761
0.03629388253348951
0.46136781215546546
-0.6128475259760899
0.28711607572503917
0.3310954604912812
-0.6035374742287241
0.2233242141475511
0.10943100533089752
0.3602942194462725
0.2975478109197226
0.3193994269251477
0.2203840731733809
-0.0012942721186845862
-0.21771538788664233
0.20528761553800448
0.020631454457924275
-0.09489989771525217
-0.025831139490626338
0.18150105392099575
-0.6186027692374687
0.17788449226557781
-0.3666518980675718
0.6530559434113334
0.25958286033455236
-0.05904092513686867
0.27563194677325437
-0.20068758902169748
-0.15539336734377027
-0.25732486007613853
-0.40853635876414723
-0.5147595250703682
0.1683219888388497
0.16955824959192328
0.2049853981032514
-0.44677931582100217
-0.20414100702742113
-0.21181814705030338
0.26456278070682615
0.12963292492859146
0.14084136417886733
-0.13171274915893202
0.12812935670103234
0.22329895970116156
-0.1090253308615583
0.37011342208280656
0.2556034403660161
-0.18247665921548514
0.1841404372331106
0.26024229246664654
-0.00684599646849029
0.23084461091736283
-0.049505212454009496
0.4731204318275686
0.24761479128177574
-0.08949839517473519
-0.7654509827095203
-0.06906301539181761
0.28164081278563796
-0.11368263604106273
0.2052784897929285
-0.1333620756619466
-0.04816117224510606
-0.20929923000933742
-0.46929570816667043
-0.27091861863512945
-0.47622397473827327
-0.09047234329686661
0.18549409670153397
0.346770827313561
-0.23034772593219333
-0.9960706663150634
0.11708915218347356
0.10114551885335359
-0.15285869359896131
0.19570811373829897
0.2714184917825469
-0.09767773229748712
0.2369209488831395
-0.4559549763862095
-0.5862259702665442
0.16261610597562304
-0.3206426735458644
0.06283829905035525
0.052621529174875135
-0.004371125755621522
-0.18291682319353655
0.17877008955139476
0.21106047297967426
0.29248077405539236
0.27473398615950767
0.4602435489379236
0.04613215688182276
-0.8440778960563632
-0.26202124340035554
0.4463150605852664
-0.04950426451883029
0.2299071191251348
0.3529342936608747
0.3018856458121139
-0.14590936967815143
0.1492537880020673
-0.39149042184147714
0.2091714903357663
0.14700683085122795
0.21543118520198618
0.1448653935249801
-0.4789857468729844
-0.3207746283263757
0.014450440308587437
0.5652009265570319
0.20182245836833998
-1.054234865446409
-0.05305589694521419
-0.23873351727276365
0.07107593793609465
-0.779222216023485
-0.5046245303511001
-0.14286181208128862
-0.29339165216006013
0.18880790573159256
-0.24758190884663142
0.16209635545872156
-0.06805617934559098
-0.3025741998734473
0.33879287080814036
0.20868593913150396
-0.38323728326671513
0.14631468735999467
-0.22589042479608512
0.2701257132244038
0.44425667159130855
-0.0013528090155215389
-0.1113007664279116
-0.03714106370521073
0.40310778983514106
-0.25608543023495384
-0.6370855068475925
-0.492585964328016
-0.10846473658397962
-0.20915293659035986
-0.7232706104863825
-0.02007627075912049
-0.10009631455559179
-0.7010542847709297
-0.3294283910697152
-0.031149367166727494
0.010999448016161595
0.3614360110057407
-0.0036126879438546167
0.09252771773517521
0.1022705864700548
0.03619806157145165
0.017104064884627443
0.15717466041201056
-0.11903294329179356
0.18204507508235884
-0.22650516537034485
-0.2051676924236337
-0.123191601409906
0.3893720809604935
0.17139901410273578
0.15323413978734074
0.029666300701145298
0.16614826216252926
0.44914237154982495
-0.4981731851462977
0.16040953173642228
0.037843002697648724
-1.1022545307464477
0.12626002591639757
0.11482412806923412
0.36592347468561764
-0.35943974765737774
0.11852980971305391
0.31015447909662786
-0.12956908966709196
0.153901095584856
-0.3664334647041553
-0.17520354314466785
0.2668114734569005
-0.24493303910725323
0.20818431433435106
0.11504902542966519
-0.4025698882934254
-0.27379469070155055
-0.009002035426579614
-0.1972104055906819
-0.20365555846914934
-0.15778852878921631
0.14665650754555817
-0.6941277376699387
-0.3119930381379718
-0.7391846617257477
-0.3797437127922696
0.0033849733393105817
-0.5099322025884194
0.005555569236117652
0.159318350088693
0.2388563324778316
-0.26709535636636955
0.1087343274012816
-0.11478271324303338
-0.4602495603615896
0.030447987501936558
-0.06374334662399583
0.18397349667785248
0.29716150859975454
0.09163334616674117
0.21858017482451803
-0.2587310426728978
-0.30068848511293533
0.17327722973760804
-0.07731229909905495
0.11077907766003818
0.13200472451958728
0.206510084203201
0.14679498832288118
0.1153958676818448
-0.0962732688573682
0.12298603903977104
0.08717596095342577
-0.17901296592752014
0.19679611918433318
0.035286968959734086
-0.3525758101452342
-0.4898660998132701
0.07557860821084225
0.1294548849957437
-0.5241896844799417
-0.16646302743982594
0.04294320119561247
0.3838494450987549
0.1585062909534833
0.13442780824275477
-0.12016304319604983
0.33301683867647114
-0.37369059635489704
0.045826486631412464
0.30828756042332683
-0.06507883547839544
-0.03867449097482952
0.21524167311375558
0.3448059704676569
-0.00744170578327433
-0.2279380327366745
-0.29851465063779703
0.20409159365184512
0.03736257703532499
-0.4441709312949699
0.4910182890486869
-0.16111321954466645
0.2549232123590446
-0.022740129826045417
0.10774738621190764
0.03384646691959227
-0.09932715979487636
-0.13818674376755313
-0.4536682112480639
-0.10704504649964033
-0.2736990039962082
0.40237801642458165
0.2642416026412574
0.20545786951800427
-0.182178014026304
0.24619849567020088
-0.03770247427392191
0.2430441068312783
-0.1735802578283124
-0.028770917647779715
-0.019946307569831057
-0.8895514203392331
0.10823514861430727
0.32850726522962537
-0.23142657292401275
0.10825574499848037
0.2091551872026393
-0.04321404199864326
-0.10917786745324753
-0.022713095434579444
0.04424604020920605
0.2352732889785507
-0.28133496650930245
0.1258508134262248
-0.543506748135942
0.49083245619668325
-0.007334671535152132
-0.22272464215344517
0.004040643660146681
-0.0521955468099945
0.2308620513073814
-0.038639025648222386
-0.1489116293768853
-0.08746155381012415
0.21641994997240555
-0.03368402916475455
-0.7332674656029319
-0.023892215840609098
-0.3586756879648305
-0.647748951748057
0.09367872295556304
0.2553549704645146
0.32834250775856677
0.03065665799791405
0.1611834603923872
-0.3084846083586867
-0.05676105943504696
-0.21811591887709958
-0.18721085218464775
-0.14597844316928218
-0.11522041364121394
-0.962521283392794
-0.8224017319041138
-0.5231599256235082
0.11671449938805797
0.2430862555812884
0.06097363868941129
-0.2780455524168669
0.05902209543663397
-0.36041649056461483
0.8486226117634633
-0.2450013956854499
-0.13316684823263392
0.0688971961831732
0.09957162060281463
-0.12523861166618078
0.10209162477839565
0.22803898908276093
0.3158791863362819
-0.2033365976226614
-0.0883262334027346
0.13558950423808824
-0.11652125663174362
0.10022458002268089
0.2182970092304734
-0.021210788951243592
0.0284003410862397
0.06692250847670117
-0.7442274932995165
-0.5193876043807608
0.19819397097161315
-0.2643080673106225
-0.500242839075753
-0.6997127230489765
-0.03500515922610394
0.07619908341403057
0.05053895743388452
-0.16305712193961533
-0.023337571134277545
-0.19398741044002638
0.359200334864195
0.029011072581175485
-0.23287287229782133
0.12884294211288486
-0.215313083904781
0.10682034479771156
0.150223329902673
0.02097818102592256
-0.15923057854986525
-0.17498955049026457
-0.130136180814389
0.33463197263938305
-0.023877444204776686
0.05500987315914556
-0.7146323433153348
-0.7057400110612322
0.25744611059920375
-0.3187723981392611
-0.0004502140752793156
-0.3348339361706686
0.014824383656424934
-0.06023564970018606
0.24804863100095945
-0.4128225466118696
-0.3262634702083137
0.11972684365542549
0.29293029518223973
0.20706360938023485
-0.11154585745826304
0.5544379324297956
-0.5135012005912412
-0.09010782028697459
-0.047068533931909094
0.1513070508448344
-0.2203484370982503
0.4080448616562341
0.23003041386796114
-0.05736012519086908
0.5745915916383249
-0.025921124636592692
0.5197807004316876
0.0022029255226038336
0.16738312261576516
0.0919855483209173
-0.37575135761765643
-0.33737135393184403
0.21294335588506322
-0.18478576669342459
0.23286357613552916
-0.062347086166506506
-1.2806477609860167
-0.009597862892230857
0.11413926701624696
0.03581284566318525
-0.13669906500152765
-0.016687026955986516
0.008784730923407213
0.14054009201609827
-0.01013998765586232
-0.24084616648492196
-0.08550338305851714
-0.6582783525399865
0.3638263696291117
-0.132037374689897
0.14046652599127504
0.2896210853810207
-1.0914642544150612
-0.05443880266287322
-0.42759107018408704
-0.35347845819508167
-0.42727076487645277
-0.6538314366193883
-0.3044597041188749
0.19655694071103097
0.032671933315542676
0.11809080758669854
-0.36107628988315194
0.1384143490046253
-0.3113663839362314
0.11114793050812644
-0.06281203938235343
0.1650626869521074
0.24136106353994013
0.3238915064323664
0.19451831723424656
-0.15226838106716825
-1.452476960816469
-0.5184955074023998
0.11829499917100092
0.002517672527125825
0.025374528251282946
-0.3361659508089246
-0.3222849327921433
0.3045105341032001
-0.35670165846410595
-0.13982942868791345
0.16496168506216438
-0.09034982407489138
0.4415354560497241
-0.3891152393036422
0.08630883508022605
0.14896756073253473
-0.48903549161498827
0.2726905403862908
0.3855785921204568
-0.3033829488438883
0.15789489686644523
-0.330095871396428
0.38050613151571727
0.1883897606183284
-0.23964710555195898
-0.08746644108258414
-0.2908182154774173
-0.1892962509180114
0.2268185801462547
0.1939080300656261
-1.321712020236891
0.020326095749632657
0.4170120210682816
-0.1984435733376754
-0.9041077986086398
0.11847034635035861
-1.0978763943065932
-0.2598596288613749
0.08363254691938214
0.3156006221164826
-0.26057195982206044
0.13241009651162333
-0.47704628022976037
0.17529589681346805
0.3195993121161833
0.18088086149999547
0.26356093323314783
-0.6864022676268126
0.04922035033997542
0.02001923415083242
0.28943120846293796
-0.1968539169164273
-1.5272589607689366
-0.7898828113557768
0.05862681417988426
-0.6494194226587302
-0.3952236119474188
0.2903500511476294
0.2738880561635999
0.2045710220687726
0.33691897464922504
0.14332084229464997
-0.17347093403940536
-0.1356617410411561
0.1856281508649213
0.13783529572441539
0.2667839215086712
0.1870594179492987
0.24504221129956064
0.1389675718423804
0.1571711854629309
0.17821385165009626
-0.11043315762293844
0.08137525764756556
0.06141651224558238
-0.2293364265494285
-0.27519957143779916
-0.5577924824549977
-0.06367326639488693
0.3715974243991136
0.22808704229529647
0.07385434299811147
0.13145173147758474
-0.8847767024136999
-0.30831480773471287
-0.29550885555221307
-0.1869952567110262
-0.2848156129413508
-0.3818515527651114
0.3355165215459054
0.08025474880790118
-0.1074920009423167
-0.008620766967530868
-0.4459380750816407
0.08395396442153209
0.062208693094223236
-0.21858451351334446
0.046975879864109095
0.4539518650702988
0.2638190430218333
0.4250264574832444
-0.03978214544219414
0.101547850597696
0.07227539275312565
0.5589484189623389
-0.16654825564393588
0.20496056843642618
-0.7290041743779547
-0.3404215227169336
-0.09886387379932104
0.023149991366656616
0.03720355021135404
-0.7494367582525402
-0.6690121608454724
-0.10287771172977038
-0.15215798780821407
0.18517594363996345
-0.6008726957429302
0.5882753774431795
-0.03616936712166039
-0.5979452718947138
0.13120412853155677
0.26170017631320425
0.07858229733334636
0.1576405623867315
0.19656199711114186
0.09285466467269901
-0.014064033595000436
-0.07182002566751694
0.23798199561310915
0.25754823198975046
-0.0306704130640297
-0.5880307830173476
0.49116197539327694
-0.45212322045497455
-0.4593899685573392
-0.0897039517386712
-0.5301024188193364
0.12752390223388407
0.1292178583000305
0.15810346784860682
0.044561957754922575
0.2579767199113344
-0.6255993427641184
-0.1780795414110961
0.20397939709759144
0.22941825460427384
0.04529694663508411
0.10163153973929892
0.170531237553547
0.2508678418194453
0.2073016858202968
-0.00966469321317444
-0.02779115117930129
0.5138916300183629
0.19768744050724835
-0.16298080371205464
-0.1477802046814211
0.3574823185271959
0.1346303871644941
-0.013520248790609896
0.1761386808793582
-0.30926320719084976
0.20119561731458607
0.09644585493784719
-0.48147771734220707
-0.1830996588967726
-0.17333474691467488
0.0665917543954502
0.24000317202215954
-0.08315194686324037
0.19177026669899644
-0.05716216423051777
0.13640647434861716
0.2855809980800713
-0.000865927537126332
0.04303247137510535
-0.4072895451447286
-0.2685163574231809
-0.3434593778152456
0.14879259038639406
0.17478956020061373
0.07495688204999681
0.10259079334873178
-1.2756801936466138
0.1778417968703267
0.1942826907188732
0.20820444279775963
0.19117705479907746
0.38649396694130816
0.13104739442653113
-0.26378076101717246
-0.48493185407934886
0.2202348944935347
-0.7591434882151983
-0.14487008130519438
-0.8857900426666658
0.20344274485605934
-0.13755216202041246
0.41532622630037686
0.16271819041511043
0.07569790810831699
0.04247609467809458
0.10606424638419779
-0.5854710788373125
0.11233481813781628
-0.24672399824308192
-0.21533093900655093
0.1473648299418747
-0.16474755842171906
0.0747485469841305
0.12800599812595204
-0.23710713048113993
0.05238023500450585
-0.04470924066327802
0.40968304694939806
-0.23805968045911147
-0.16021360027985598
-0.2994064364045257
-0.06561881370255966
0.042104278535169425
0.0848414021518352
0.1084355485506054
0.14571123906432107
0.15814086089827564
-0.19863079971179226
0.01131590996537155
-0.4350632104418106
0.07914940979822158
-0.55563678159532
0.228334800007102
-0.19049045880847354
0.16326580582748923
0.40410978189008195
-0.36359152145520945
-0.2296778769465043
0.29832924311429754
0.06926467022354828
0.1235783518161859
0.25042263144536797
-0.3593026610531347
0.33099574283629435
0.3032112914408338
-0.17488479440622923
0.27362937214813016
-0.1600932338357163
-0.2060760381002976
0.49294342127440416
-0.03609675019800514
-0.05620566147164925
-0.2655133981768029
0.1400376366584377
0.49309973429079523
0.35602392036233016
-0.011389163283459115
-0.14312812595555588
-0.05843236879663651
-0.22809331679758413
0.1245084568297313
0.12469677193765934
0.3434827399433136
-0.5107704282816026
0.2750536600921669
0.07284089896122407
-0.4360893339196189
-0.236309106128216
0.1697232719942693
-0.2751286780828576
0.5260438962426616
0.21656393404825183
-0.15709532156960426
-0.014225472973759933
-0.7165295722945851
-0.2712793339033226
-0.3652984304592401
0.031681321575200254
-0.03447634741584612
0.10157420550406879
0.13874559131423908
0.16709120294830943
-0.3371558985116287
0.37175442706277695
-0.24021060493191784
-0.4698267176836694
0.12846568256880675
0.2732196627099018
0.030450984605901142
-0.04649277035242401
-0.042681543329396485
0.08901126396035215
0.14247567345494436
-0.3513875000546573
-0.583922948845783
0.11600979913849337
-0.22438438115450765
-0.0005321512885843538
0.021578035923158368
-0.19405180785651757
-0.065535144391998
-0.11507623776110673
0.5443815000425821
-0.871830616612902
0.06804781981255628
0.211142593767087
-0.124048785116744
-0.27553885439976106
-0.5720589532850237
-0.39026183563365835
0.361632277613038
0.06187105623405222
0.20962751907753158
-0.03839103674356451
0.3209422716880291
-0.09379422171589881
-0.8623363686197916
-0.07398647969014012
0.2811962671095795
0.07633816430194551
-0.4109014049717227
-0.31157393130406463
0.09719526466776511
0.4674113602264808
-0.12090033441033818
0.04475410409464733
-0.31210904443155096
