-0.004137554806076188
0.0011851931479627742
-0.004137554806076188
0.7301451147958954
-0.004137554806076188
0.06459023012667461
-0.004137569400718065
-0.004137554806076188
-0.004118590982187117
-0.004137554806076188
-0.00413902872978213
3.0999120225528176
-0.004137554455078682
-0.004137554806076188
-0.004137554806076188
-0.004133090728245731
-0.004137554806076188
-0.004137554806076188
-0.004137525662596601
-0.004137562517939467
-0.004116174616338423
-0.00413752122877086
-0.0018636782099665417
-0.004137549735794263
0.008478294851662568
-0.004137554806076188
-0.0041375548060737545
-0.004137546036304901
-0.00413326951323385
-0.004173999986553631
0.09937723202369933
-0.004137554806076188
-0.004137554806076188
0.24767342585428243
-0.004137554806076188
-0.004138202187920879
-0.004005698567797424
-0.0041375548060762065
-0.0024721618602384495
-0.004137554806076188
-0.004137554806076188
-0.004136915937880362
-0.004137554806041658
0.016654114467893562
0.04456898131390069
-0.004137554806076188
0.08579287401519388
-0.004137554806076188
-0.004137554806076189
0.08536958749934084
-0.0041372766413102545
-0.004137554806076188
0.3026934983836205
-0.004137554806076188
-0.003980251227587783
-0.004137554806076188
-0.6125155297383287
-0.004137554806076188
-0.004137554806076188
-0.004137554907272234
0.011738657714945673
-0.004137554806076188
-0.004137554806076188
-0.1288143013239803
-0.0041375514248285766
-0.004137554806076188
-0.004137554806076188
-0.11979491566256828
-0.00413707453049225
0.818036205226258
-0.004137554806076188
-0.004137554806076188
0.0012895099433655136
-0.004137554806076188
-0.004137554806076188
0.004833769741042507
-0.004074467504650238
-0.004137554806076188
-0.0041375548060761875
-0.007642051481467575
-0.12307860797991028
-0.11344177643882357
-0.004137690923094328
-0.16437089161281884
0.0011092599153324726
-2.026795732497058
0.0696604840582529
-0.004137554806076188
-0.004137554806076188
-0.004137554806076188
-0.004137555508840411
-0.0853321404446134
0.16878452290298004
-0.004137554806076188
-0.004137554806076188
0.018139650666893437
0.014739860227583059
-0.004137554806076188
-0.004137554806029531
-0.004137554806076188
-0.004137554806076188
-0.004137554806076188
-0.1948027359553939
-0.004137554806076188
-0.004137554806076188
-0.004137554806076188
0.052850466613830346
-0.07328401425395555
-0.004137506809473437
-0.004137554806076188
0.2525286297330404
-0.004137554806076188
-0.004144586122478807
-0.0040625022314161536
-0.004147906275410907
-0.004135077980132541
-0.004137554806076188
-0.004137554806076188
-0.1858754314684456
-0.004137554806076188
-0.004137554806076188
-0.0041375548060776516
-0.004137446265762982
-0.01785618247589173
-0.004137556175730602
-0.004137554806076188
-2.2950431785503738
-0.004137554806076188
-0.004137554806076188
-0.004137554806076188
0.25935062453801155
-0.004137554806076188
-0.004137554806076188
-0.004137554806076188
-0.004137554806076135
-0.004137554951320562
-0.39965758498851783
-0.004137554806076188
-0.004137554571717384
-0.004137547507956114
-0.004137570599209699
-0.16740132178900022
0.48844003056776775
-0.004137554806076188
-0.7865452278712405
-0.004096990281392767
-0.004137554806076188
-0.004134734959082048
-0.004139285526442197
-0.0038227591211824324
-0.009342584921168094
0.19948126490175722
-0.004137554806076188
-0.14508674622311635
-0.004137554806076188
0.018269026338968132
-0.004137554806076042
-0.004137554806076188
-0.004137554806076188
-0.004137554806076188
-0.004137554806076188
0.035907226900113526
-0.004137554806076188
-0.004137683506098885
-0.004137552122992731
0.008334825142993173
0.02711609612365156
-0.004137554806076188
-0.004137554806076188
-0.0040788200152206385
0.018592028140861236
-0.004137554806076188
-0.09158420361725704
-0.004137554806076188
-0.17538912022154568
-0.004137554806076188
-0.004137554806076188
-0.0037789537939799233
-0.0068450979243505385
0.002756092520578946
-0.004137554806076188
-0.004137554806076125
-0.09360760583076577
-0.004137554806076188
-0.004148422890523316
-0.00413755480125722
-0.004137554806076188
-0.004137554806076188
-0.004137554806076188
0.6391263678131986
-0.004137554806076188
-0.004137554806076188
-0.004137554806076188
-0.004137554806076188
-0.0041375548055580655
-0.004136726017212061
-0.004137554806076188
-0.004137554806076188
-0.03787329710974441
-0.0041375516432189405
0.12546571904240794
-0.004137554806076188
0.048912453595536136
-0.004137554806076188
-0.004137554806076188
-0.004137554806076188
-0.004137554806076188
0.005712228776200116
-0.002629831373756021
-0.004137554806076188
-0.004137554806076188
-0.004137554806076188
0.006676776723796674
-0.004454398278544194
-0.004137554806076188
-0.004137554806076188
-0.004137554770078884
-0.004137554806076188
-0.004125088156931624
-0.11735417950558846
-0.0039636601962109415
-0.0041382174266009
-0.0041375843057461885
0.00541227965852154
2.8178157538228867
-0.004137554806076188
-0.004137554806076188
-0.004137554806076188
-0.0041375398024531196
-0.004137554806076188
0.22155078139583717
-0.004137554806076188
-0.004137554806076188
-0.004137725914873162
-0.004137554713529524
-0.004099779312631694
0.027180304679453517
-0.004135279193170427
-0.004137554806076188
-0.004137554806076188
-0.004137554806076188
-0.004120152905267203
-0.004137554806076188
-0.004137554806076188
-0.004137554806076188
0.016603856924178942
0.007842978356800954
-0.005464689442484115
-0.004137554806076188
-0.004137554806076188
-0.004137554806076188
-0.004137554806076188
0.0006088150444408429
-0.004137554806076188
0.8276779521493519
-0.004137554806076189
-0.004201315845553956
-0.004294033761303596
1.1185601813621853
-0.004137554806076188
-0.0041375215321002275
-0.004137554806076188
-0.004137554806076188
-0.004137554806076188
0.0010436043472777804
-0.004137554806076188
-0.004137540640755586
-0.004137554806076188
-0.004137554806076188
-0.004137554066941815
-0.00413755480596263
-0.004137554806076188
-0.0025435529023600262
-0.004133258261490067
-0.0041112274222401424
-0.004137552788484087
-0.004137554806076188
-0.004137554805525467
-0.004137554806076188
-0.004137554806076188
-0.004137554806064267
0.5143925647510843
0.5627642770689227
-0.0038703996169434716
-0.004144737510636722
-0.004137554806076188
0.1694048154541157
-0.004137554806076188
0.010091166343384047
-0.004137554806076188
-0.004137554806076188
-0.004137554806076188
-0.004137554806076188
-0.004137554806076188
-0.004137554806076188
-0.004137554806076188
-0.004137554806076188
-0.004137554806076188
-0.004137554806076188
0.2534475551438003
1.2263503328853604
0.018814105999460935
-0.004137554806076188
-0.005581257530130599
-0.0002030410233074811
-0.004137554806076188
-0.005874748794784076
-0.004137554806076188
-0.004137554806076188
-0.0041375476643348615
-0.0037067035321477425
0.1926970052499236
-0.004137554806076188
-0.0024989225898299893
-0.0041375548060761805
-0.004137554806076188
-0.004137554806076188
-2.0058735354908097
-0.2223662417668319
-0.004359724096186734
-0.004137497914057118
-0.004137554806076188
-0.10187014878296143
-0.004137554806076188
-0.004137554806076131
-0.004137554806076188
-0.0020287409177406042
0.07540506434624825
-0.004137554806076188
0.16363283129632503
-0.003906702011519535
-0.004137554806076188
-0.004137554806088853
-0.004137477630143321
-0.004137554806076161
-0.004137554806076188
-0.004137555017225725
0.0899448381225488
-0.004137554806076188
-0.004137554806076188
-0.0014200655512415267
-0.004137554806076188
-0.0038798756935949624
-0.00413755481618751
0.37762056153315066
-0.26711921357050133
-0.004135287105804618
-0.004240264375289122
-0.004137554806076188
-0.004137554806076188
-0.03379470692096698
-0.00413755480607288
-0.004137554806076188
-0.0041375547903226085
-0.2729684957618669
-0.004137554806076188
-0.004137554806076188
-0.042246702539521175
-0.004137554806076188
-0.004132199991760151
-0.004137554806076188
-0.004137554806076188
0.505860241750324
-0.004137554806076188
-0.004137554806076188
-0.004137554806076188
-0.004137554806076188
-0.0020074192053994248
-0.004137554806076188
-0.004137554806071858
-0.004137554806076188
-0.004137554806076188
0.2808706672007132
-0.004073121462836507
-0.004137554806076188
0.042911750906193404
-0.00941884324832273
0.06250510818567717
-0.00413755480607605
-0.004137554806076188
-0.0041375539457353715
-0.004137552345530015
-0.0041348882135061
0.40015704715747125
0.5789361751053068
0.045634555656386536
-0.004137554806076188
-0.004137554806076188
-0.004137554806076188
-0.004127864298367546
-0.004137554806076188
-0.004137554414562511
0.0035977794890551286
-0.004137554806076188
-0.004137554806076186
-0.004137554806076188
-0.004137554804841095
-0.004137554806076188
-0.004137554806076188
-0.004137554806076188
-0.004137554806076188
-0.004133816624229678
0.09687382236410508
-0.6361656083456865
-0.004137554806076188
-0.03779593070400068
-0.004135719024591054
0.014838573500354989
-0.004137554806076188
-0.004137554806076188
-0.0028201980561792677
-0.004137554806076188
-0.004137554806076188
-1.0426905477350592
-0.041420111518070415
-0.004137663306722396
-0.10868503718356384
-0.004137554806076188
-0.004137554806076188
-0.004137554779688721
-0.004137554806076188
-0.00413599446149774
-0.004137554806076188
-0.004137554325646795
-0.004137554806076224
-0.004137554806076188
0.4531683665173721
-0.004137554806076188
0.13172001338100126
0.3318224102033995
-0.004137554806076188
-0.004137554806076188
-0.004137554806076188
-0.004137554806076188
-0.0038459357312333516
-0.00413755389422506
-0.004137554806076188
-0.8636490483176538
-0.004137554806076188
0.04709456394715333
0.12616572251844044
-0.1257379057413437
-0.004137554806076188
-0.004137355318054698
1.27498310168796
0.0014163334715382855
-0.005656679892209446
0.4148712025897448
0.03236640502268984
-0.004172005336894408
-0.004137554806076188
0.18761770955702023
-0.0041375549736389705
-0.004137551276772078
-0.004137554806076188
-0.004137554806076188
-0.005571438082249717
-0.005855597478231478
-0.008416515351671448
-0.057079191924783855
-0.004137554806076188
-0.004137554807994116
-0.004137554806076188
-0.004137552710709922
-0.004137554806076188
0.006080968725835197
-0.008518897738185606
-0.0041375547322224345
0.5677312705422602
-0.004137554806076188
-0.004137554806076188
-0.037784751869486446
-0.004137554806076188
-0.004136933215721577
0.01919335981458354
-0.004137554806076188
-0.2923427998801438
-0.004137554806076188
-0.004137554806076188
-0.004137554773161783
0.11794522440612017
-0.004137554806076188
-0.004137554742517647
-0.004137554806076188
-0.004137548911281232
-0.06784913628111282
-0.47147592041203473
-0.004137554806076188
-0.004137554806076188
-0.0041375544038751546
-0.004137554806076188
-0.004137554806076188
0.10802513296563551
-0.004137554806076188
-0.004137554806076188
-0.004137554806076188
-0.004137554806076188
0.005950542897917976
-0.004137554031760356
-0.004137554806076188
0.02917083263572221
-0.004137554806076188
-0.004137554806076188
-0.004137554806076188
0.3484494445152146
0.027779728699796967
-0.004137554808577829
0.5363959664658808
-0.004137554806076188
-0.0027508900085495168
-0.003967696031549436
-0.004028222435226559
-0.0020977562252756654
-0.0019197489266063487
-0.004137554806069512
-0.004137554799131676
-0.004137473216432052
0.13623201171141777
-0.004137554806069635
-0.004137554806076188
0.059622444598571724
-0.004142893346787061
-0.004137554806076188
-0.003486193131242849
-0.004137554806076188
-0.004137554806076188
-0.004137554584387391
-0.004137554806076188
-0.004137554806076188
-0.003391623686541231
-0.009725540292144721
-0.004137554806076188
0.025082243803913815
-0.004137554806075791
-0.004137554806061872
-0.004137554806076188
-0.003958069432101773
0.6214647092082637
-0.0035593861135973033
-0.004137554806076188
-0.004137554806076188
-0.004137554806076188
-0.004137554806076188
-0.004137554806076188
-0.004137554806076188
-0.0013079360922279106
-0.00415042498050547
-0.004124597811235524
-0.004137466895374065
-0.004137554806076188
0.16455385767358935
-0.004164323398730057
-0.004137554637635252
-0.004137554806076188
-0.004137554806076188
-0.004137554806076188
-0.2967820514359713
-0.004137554806076188
0.04487311302216992
-0.004137554806076188
-0.0007362711396441892
0.11043232113724483
-0.004137554806076188
-0.004137554806076188
-0.09432335880518292
-0.004137554806076188
0.03231161018467484
-0.004011657341196229
-0.004137554806076188
-0.004137554806076188
-0.1864393493822298
-0.004137554806076188
-0.00413755477435949
-0.004597020303107867
-1.4626625580740469
-0.026714204436342967
-0.0033333718283927276
-0.004137554806076188
-0.004137554806076178
-0.004137554806076188
-0.004136902974142289
-0.004137554806076188
-0.004137553778615542
0.05781685763982479
0.5302733307657286
-0.004137554806076188
-0.004137554806076188
-0.004137554806076188
-0.004137554806076188
-0.004137554806076188
-0.0041353697721646515
-0.00413755472464522
-0.004137554806076188
-0.004137554806076188
-0.002226506750650021
-0.27393431862059453
-0.004137554806076188
-0.004137554995219075
-0.004137554806076188
-0.004137554816476029
-0.004137554806076188
-0.004137554806076188
-0.004137554806076188
-0.004137554806076188
-0.004137554806076188
-0.004137554806076188
-0.15670432976650878
-0.004137554806076188
-0.004137533788260404
-0.12792230438835814
-0.004137554806076188
-0.004137554806076188
-0.004137554806076188
-0.009602392042575267
-0.004137554806076188
-0.08325330015201278
-0.1418155582034307
0.001800474330738211
-0.016140249085745684
-0.004137554806076188
-0.003171007553273523
-0.004137554806076188
-0.0046822969204798025
-0.004137554806076188
-0.004137554806076188
-0.004137554806076188
-0.004137554809579145
-0.004137554806076188
-0.004137554806076188
-0.003964526283277952
0.015760132371992294
-0.004137554806076188
-0.004137554806074155
-0.004034290401189798
-0.7508901795353734
-0.004137554810820762
-0.004137554806076188
-0.004137554806076188
0.5101887950275981
0.35106189097610735
-0.004137554806076188
-0.004137538384743536
0.03869810749462911
-0.004137554806076188
0.1275292670718832
-0.004137554806076188
-0.004137554806076188
-0.004137554806076188
-0.003988122722175316
-0.004137554806076188
-0.5736701166228938
-0.004137554806076188
-0.004137554806076188
-0.003993851724521043
-0.018110488115828945
-0.004137552699639982
-0.004137554806076188
-0.004137554806076188
-0.005570967511147576
-0.004137554806076188
0.2298883407146829
1.1069710665740837
0.33081203182456814
0.8385199470354421
-0.01264455252672817
-0.004137554806076188
-0.004029776499509172
-0.004137554806076188
-0.010846649794546182
-0.004137554806076188
-0.004137554806076188
-0.004139497149792661
-0.011968503831313551
-0.004137554806076188
-0.004137554806076188
-0.004137554806076188
-0.004137554806076188
-0.004137554806076188
-0.004137554806058896
-0.004625424138267563
0.011604663287656832
3.811333357713439
-0.004137554806076188
-0.004137554806076188
-0.004137554806076188
-0.003451648801608698
-0.004137554806076188
-0.5070449750006069
0.050177796675924785
0.5526491125017376
-0.004137554806076188
-0.004137554806076188
-0.004137554806076188
0.13077773724172823
-0.004137554806076188
-0.0043024876103046755
-0.004137554806076188
-0.004137554806076188
-0.004150406721736651
-0.004128399706384403
-0.004137554806076188
0.0299287942552219
-0.0023152902066996945
-0.004137554806076188
0.019933339696319892
-0.004137554806076188
-0.00420717612943025
-0.004137554806076188
-0.004137554806076188
-0.003975017463423916
0.19234926962360774
0.07772184775143177
-0.005757550303836772
-0.004137554806076188
1.3507153484999928
-0.038382070301552114
-0.004132476829349336
-0.004137554806076188
0.19586472299416285
-0.017118832572355035
-0.004137554806076188
0.0007810491319646742
-0.004137554806076188
-0.004137554806076188
-0.0031007423684383754
-0.004137554806076188
-0.004137554806076188
-0.004137554806076188
-0.004137552685785548
-0.004137554806076188
-0.004137554806076188
0.18741673641007245
-0.0041375548055156055
0.19239080806532763
-0.004137554657482764
-0.004137554806076447
-0.004137554806076188
-0.004137554806076188
-0.004137554806105122
-0.004137554806076188
-0.004137554806076188
-0.01827667425590989
-0.0041375513187142995
0.0008065566213800264
-0.004137554806075055
0.248461343463305
0.4814249574609245
-0.004137554806076188
-0.017776635347656965
-0.004136374866509208
-0.004093290114355576
-0.004137554806076188
-0.003793949721132377
-0.0031260449457237707
-0.053035626281609904
0.08311259617458491
-0.004137554806076188
-0.004137554768545875
-0.5043142012987086
-0.004137554806076188
-0.004137554806070841
0.2542126488213233
-0.0030407245760087145
-0.004137554806076188
-0.004137554778903967
-0.004137555933357722
0.28171714865090797
-0.004137554717931257
-0.004137554806076188
-0.004137554806076188
-0.004137554806032375
-0.6599030636317942
0.0004785159139436045
-0.004036179435249199
-0.004137554806074725
0.009598426904413229
-0.004137554806076188
0.007901046070723394
-0.004137554806076188
-0.004137554806076188
-0.003674107288102336
-0.004137554806076188
-0.004137554806076188
-0.004137554806076188
-0.004137554806076188
-0.004140871993412728
-0.004137554806076188
-0.0041369444923144965
-0.017607981055652644
-0.004011535243408559
-0.004137554806076188
-0.0038196836736357842
-0.004156948307688447
0.7008347371985754
-0.004137554806076187
-0.004137554806076188
0.005458077119764088
0.36061771420287075
-0.004137554806076188
0.30302881451951985
-0.004137554806076185
-0.004137554806091806
0.24875121145330237
-0.004137554806076188
-0.1464506610824227
-0.004137554806076188
-0.004137554806076188
-0.004137554806076188
-0.004137554806076188
-0.004137554806076188
-0.004137554806076188
-0.004134291577595819
-0.004137554806076188
-0.004090766993550088
-0.004137554595816983
-0.004137554806076188
-0.004137554806056178
-0.004137554806076188
-0.004137554806076188
-0.004137554806076188
-0.0037522389017490016
-0.0041375590044066286
-0.004137554806076188
-0.004108998413475896
-0.004137554806076188
-0.004137554806076188
-0.004137554806076188
-0.004137554806075887
-0.014032223435530422
-0.004137554806076188
0.1596506639779319
-0.004137554806076188
0.49582455710960543
-0.004137554806076188
-0.004137554806076188
-0.004137554806076284
-0.004137554806049845
-0.007511186903061494
-0.004137554838820669
-0.004137554806076188
-0.0041364727947942595
-0.004137554806076188
-0.004137554806076188
-0.004137554806076191
0.518003239048645
0.01556401912563689
-0.004137554806076188
-0.005403438113499567
-0.004137554806076188
-0.004137554806076188
0.06286746922583361
-0.004137554806076188
0.2844470573837826
-0.004138265737944397
0.14167363159636712
-0.004137554806076188
-0.004137554806076188
-0.00413659210434304
-0.004137554806076188
-0.0041375548376429575
-0.00413755480607619
-0.004137554806076188
-0.004137554806076188
0.03462394950558474
-0.004137554806076188
-0.004137554806282753
-0.004137554806076188
-0.004137554806076188
-0.013670560841708179
-0.004137554806076188
0.012638089235788028
-0.004137554806076188
0.5464224161516166
0.26114925222700414
-0.0041375548060640435
-0.004137554806076188
0.0023494043638268222
-0.004137554806076188
-0.004137554806076188
-0.004137554806076188
-0.004137554806076188
-1.4802699644453023
0.236731756472971
-0.14069914421433327
-0.004126281877150977
-0.7465712498385275
-0.004137554804563944
-0.004137554806076188
0.8151020742450845
-0.004137439919301627
-0.004137554806076188
-0.004137554806076188
-0.004137554806076188
-0.0041377789649017635
0.030373223991253327
0.02613310745230068
-0.004137554806076188
0.7136658833461832
-0.004137554763133972
0.10782039955219067
-0.004137554814028791
-0.1300069932625994
-0.004137554806313489
-0.004137554806076188
-0.22848843698021926
0.10002241116376384
-0.004137554806076188
0.036417359323886886
-0.004137554806076188
-0.004137554806076188
-0.0041375548060761875
-0.004137554806076188
-0.002656326868152601
-0.003997031115801631
-0.003458805189032953
-0.004137554806076188
-0.004137554806076188
-0.004137554806076188
0.0249026090371003
-0.004137554806076188
-0.004137554806075732
-0.004137554806076188
-0.004137554806076188
-0.004137554806076188
-0.004061068844194366
-0.004137554822702166
-0.004137554806076304
-0.004137554806076188
-0.004137554806076188
-0.09107517121675289
-0.011385956494048112
-0.004137554806076188
0.42101456685349065
-0.004137554806076188
-0.004137554807894491
-0.002780411543849971
0.655531953765938
-0.022515127837587696
-0.004137554737166441
-0.0037784683115793635
-0.004135525358249492
-0.004137554806076188
-0.37429271401607594
-0.004135299717306071
-0.004137554806076188
-0.002133067227544463
-0.004137554806076188
-0.004137549890499173
0.1468733502760498
-0.004137554806076188
-0.0038919832267689286
-0.004137554806076188
-0.004137554806076188
-0.004134807170530689
-0.004512389659769197
-0.004137554806076191
-0.004137554806076188
-0.0041375548060761935
-0.004137554725844031
0.045151214485446414
-0.0040876189180115916
-0.004137554814266322
-0.004137554806076188
-0.004137554806076188
-0.004137554806076188
-0.004137554806076188
-0.004137554806076188
-0.12355907468972398
-0.004137553935748305
0.050794200555001084
-0.002322486780038763
-0.004137554806076188
-0.004137554806076188
8.976314063191115e-05
-0.004137554806076188
-0.004137554806080447
-0.004137554806076188
-0.004137554806076188
-0.004137554806076188
-0.21484025939067344
-0.004137554806076188
-0.004137554806076188
-0.004137554806076188
-0.02666925989798328
0.1223371992886444
-0.004137554806076188
-0.004137554806076188
-0.004137554806076188
-0.004137554806078682
-0.004137554806076188
-1.3144875101685314
0.13154192279492444
0.14981493554176986
-0.004131003741607191
0.06997305374904428
-0.004137554806076188
-0.004137554806076188
-0.021512655479396667
-0.004137554806076188
-0.004137554806076188
