-0.004137554806076188
-0.004137554806076188
-0.004137554806076188
-0.004137554806076188
-0.004137554806076188
-0.004137554806076188
-0.004137554806076188
-0.004137554806076188
-0.004137554806076188
-0.004137554806076188
-0.004137554806076188
-0.004137554806076188
-0.004137554806076188
-0.004137554806076188
-0.004137554806076188
-0.004137554806076188
-0.004137554806076188
-0.004137554806076188
-0.004137554806076188
-0.004137554806076188
-0.003922224366577613
-0.004137554806076188
-0.004137554806076188
-0.004137554806076188
-0.004137554806076188
-0.004137554806076188
-0.004137554806076188
-0.004137554806076188
-0.004137554806076188
-0.004137554806076188
-0.004137554806076188
-0.004137554806076188
-0.004137554806076188
-0.004137554806076188
-0.004137554806076188
-0.004137554806076188
-0.004137554806076188
-0.004137554806076188
-0.004137554806076188
-0.004137554806076188
-0.004137554806076188
-0.004137554806076188
-0.004137554806076188
-0.004137554806076188
-0.004137554806076188
-0.004137554806076188
-0.004137554806076188
-0.004137554806076188
-0.004137554806076188
-0.004137554806076188
-0.004137554806076188
-0.004137554806076188
-0.004137554806076188
-0.004137554806076188
-0.004137554806076188
-0.004137554806076188
-0.004137554806076188
-0.004137554806076188
-0.004137554806076188
-0.004137554806076188
-0.004137554806076188
-0.004137554806076188
-0.004137554806076188
-0.004137554806076188
-0.004137554806076188
-0.004137554806076188
-0.004137554806076188
-0.004137554806076188
-0.004137554806076188
-0.004137554806076188
-0.004137554806076188
-0.004137554806076188
-0.004137554806076188
-0.004137554806076188
-0.004137554806076188
-0.004137554806076188
-0.004137554806076188
-0.004137554806076188
-0.004137554806076188
-0.004137554806076188
-0.004137554806076188
-0.004137554806076188
-0.004137554806076188
-0.004137554806076188
-0.004137554806076188
-0.004137554806076188
-0.004137554806076188
-0.004137554806076188
-0.004137554806076188
-0.004137554806076188
-0.004137554806076188
-0.004137554806076188
-0.004137554806076188
-0.004137554806076188
-0.004137554806076188
-0.004137554806076188
-0.004137554806076188
-0.004137554806076188
-0.004137554806076188
-0.0040735426427998996
-0.004137554806076188
-0.004137554806076188
-0.004137554806076188
-0.004137554806076188
-0.004137554806076188
-0.004137554806076188
-0.004137554806076188
-0.004137554806076188
-0.004137554806076188
-0.004137554806076188
-0.004137554806076188
-0.004137554806076188
-0.004137554806076188
-0.004137554806076188
-0.004137554806076188
-0.004137554806076188
-0.004137554806076188
-0.004137554806076188
-0.004137554806076188
-0.004137554806076188
-0.004137554806076188
-0.004137554806076188
-0.004137554806076188
-0.004137554806076188
-0.004137554806076188
-0.004137554806076188
-0.004137554806076188
-0.004137554806076188
-0.004137554806076188
-0.004137554806076188
-0.004137554806076188
-0.004137554806076188
-0.004137554806076188
-0.004137554806076188
-0.004137554806076188
-0.004137554806076188
-0.004137554806076188
-0.003177854198884159
-0.004137554806076188
-0.004137554806076188
-0.004137554806076188
-0.004137554806076188
-0.004137554806076188
-0.004137554806076188
-0.004137554806076188
-0.004137554806076188
-0.004137554806076188
-0.004137554806076188
-0.004137554806076188
-0.004137554806076188
-0.004137554806076188
-0.004137554806076188
-0.004137554806076188
-0.004137554806076188
-0.004137554806076188
-0.004137554806076188
-0.004137554806076188
-0.004137554806076188
-0.004137554806076188
-0.004137554806076188
-0.004137554806076188
-0.004137554806076188
-0.004137554806076188
-0.004137554806076188
-0.004137554806076188
-0.004137554806076188
-0.004137554806076188
-0.004137554806076188
-0.004137554806076188
-0.004137554806076188
-0.004137554806076188
-0.004137554806076188
-0.004137554806076188
-0.004137554806076188
-0.004137554806076188
-0.004137554806076188
-0.004137554806076188
-0.004137554806076188
-0.004137554806076188
-0.004137554806076188
-0.004137554806076188
-0.004137554806076188
-0.004137554806076188
-0.004137554806076188
-0.004137554806076188
-0.004137554806076188
-0.004137554806076188
-0.004137554806076188
-0.004137554806076188
-0.004137554806076188
-0.004137554806076188
-0.004137554806076188
-0.004137554806076188
-0.004137554806076188
-0.004137554806076188
-0.004137554806076188
-0.004137554806076188
-0.004137554806076188
-0.004137554806076188
-0.004137554806076188
-0.004137554806076188
-0.004137554806076188
-0.004137554806076188
-0.004137554806076188
-0.004137554806076188
-0.004137554806076188
-0.004137554806076188
-0.004137554806076188
-0.004137554806076188
-0.004137554806076188
-0.004137554806076188
-0.004137554806076188
-0.004137554806076188
-0.004137554806076188
-0.004137554806076188
-0.004137554806076188
-0.0041375543383098245
-0.004137554806076188
-0.004137554806076188
-0.004137554806076188
-0.004137554806076188
-0.004137554806076188
-0.004137554806076188
-0.004137554806076188
-0.004137554806076188
-0.004137554806076188
-0.004137554806076188
-0.004137554806076188
-0.004137554806076188
-0.004137554806076188
-0.004137554806076188
-0.004137554806076188
-0.004137554806076188
-0.004137554806076188
-0.004137554806076188
-0.004137554806076188
-0.004137554806076188
-0.004137554806076188
-0.004137554806076188
-0.004137554806076188
-0.004137554806076188
-0.004137554806075253
-0.004137554806076188
-0.004137554806076188
-0.004137554806076188
-0.004137554806076188
-0.004137554806076188
-0.004137554806076188
-0.004137554806076188
-0.004137554806076188
-0.004137554806076188
-0.004137554806076188
-0.004137554806076188
-0.004137554806076188
-0.004137554806076188
-0.004137554806076188
-0.004137554806076188
-0.004137554806076188
-0.004137554806076188
-0.004137554806076188
-0.004137554806076188
-0.004137554806076188
-0.004137554806076188
-0.004137554806076188
-0.004137554806076188
-0.004137554806076188
-0.004137554806076188
-0.004137554806076188
-0.004137554806076188
-0.004137554806076188
-0.004137554806076188
-0.004137554806076188
-0.004137554806076188
-0.004137554806076188
-0.004137554806076188
-0.004137554806076188
-0.004137554806076188
-0.004137554806076188
-0.004137554806076188
-0.004137554806076188
-0.004137554806076188
-0.004137554806076188
-0.004137554806076188
-0.004137554806076188
-0.004137554806076188
-0.004137554806076188
-0.004137554806076188
-0.004137554806076188
-0.004137554806076188
-0.004137554806076188
-0.004137554806076188
-0.004137554806076188
-0.004137554806076188
-0.004137554806076188
-0.004137554806076188
-0.004137554806076188
-0.004137554806076188
-0.004137554806076188
-0.004137554806076188
-0.004137554806076188
-0.004137554806086441
-0.004137554806076188
-0.004137554806076188
-0.004137554806076188
-0.004137554806076188
-0.004137554806076188
-0.004137554806076188
-0.004137554806076188
-0.004137554806076188
-0.004137554806076188
-0.004137554806076188
-0.004137554806076188
-0.004137554806076188
-0.004137554806076188
-0.004137554806076188
-0.004137554806076188
-0.004137554806076188
-0.004137554806076188
-0.004137554806076188
-0.004137554652039848
-0.004137554806076188
-0.004137554806076188
-0.004137554806076188
-0.004137554806076188
-0.004137554806076188
-0.004137554806076188
-0.004137554806076188
-0.004137554806076188
-0.004137554806076188
-0.004137554806076188
-0.004137554806076188
-0.004137554806076188
-0.004137554806076188
-0.004137554806076188
-0.004137554806076188
-0.004137554806076188
-0.004137554806076188
-0.004137554806076188
-0.004137554806076188
-0.004137554806076188
-0.004137554806076188
-0.004137554806076188
-0.004137554806076188
-0.004137554806076188
-0.004137554806076188
-0.004137554806076188
-0.004137554806076188
-0.004137554806076188
-0.004137554806076188
-0.004137554806076188
-0.004137554806076188
-0.004137554806076188
-0.004137554806076188
-0.004137554806076188
-0.004137554806076188
-0.004137554806076188
-0.004137554806076188
-0.004137554806076188
-0.004137554806076188
-0.004137554806076188
-0.004137554806076188
-0.004137554806076188
-0.004137554806076188
-0.004137554806076188
-0.004137554806076188
-0.004137554806076188
-0.004137554806076188
-0.004137554806076188
-0.004137554806076188
-0.004137554806076188
-0.004137554806076188
-0.004137554806076188
-0.004137554806076188
-0.004137554806076188
-0.004137554806076188
-0.004137554806076188
-0.004137554806076188
-0.004137554806076188
-0.004137554806076188
-0.004137554806076188
-0.004137554806076188
-0.004137554806076188
-0.004137554806076188
-0.0041375548060780835
-0.004137554806076188
-0.004137554806076188
-0.004137554806076188
-0.004137554806076188
-0.004137554806076188
-0.004137554806076188
-0.004137554806076188
-0.004137554806076188
-0.004137554806076188
-0.004137554806076188
-0.004137554806076188
-0.004137554806076188
-0.004137554806076188
-0.004137554806076188
-0.004137554806076188
-0.004137554806076188
-0.004137554806076188
-0.004137554806076188
-0.004137554806076188
-0.004137554806076188
-0.004137554806076188
-0.004137554806076188
-0.004137554806076188
-0.004137554806076188
-0.004137554806076188
-0.004137554806076188
-0.004137554806076188
-0.004137554806076188
-0.004137554806076188
-0.004137554806076188
-0.004137554806076188
-0.004137554806076188
-0.004137554806076188
-0.004137554806076188
-0.004137554806076188
-0.004137554806076188
-0.004137554806076188
-0.004137554806076188
-0.004137554806076188
-0.004137554806076188
-0.004137554806076188
-0.004137554806076188
-0.004137554806076188
-0.004137554806076188
0.12696112382427427
-0.004137554806076188
-0.004137554806076188
-0.004137554806076188
-0.004137554806076188
-0.004137554806076188
-0.004137554806076188
-0.004137554806076188
-0.004137554806076188
-0.004137554806076188
-0.004137554806076188
-0.004137554806076188
-0.004137554806076188
-0.004137554806076188
-0.004137554806076188
-0.004137554806076188
-0.004137554806076188
-0.004137554806076188
-0.004137554806076188
-0.004137554806076188
-0.004137554806076188
-0.004137554806076188
-0.004137554806076188
-0.004137554806076188
-0.004137554806076188
-0.004137554806076188
-0.004137554806076188
-0.004137554806076188
-0.004137554806076188
-0.004137554806076188
-0.004137554806076188
-0.004137554806076188
-0.004137554806076188
-0.004137554806076188
-0.004137554806076188
-0.004137554806076188
-0.004137554806076188
-0.004137554806076188
-0.004137554806076188
-0.004137554806076188
-0.004137554806076188
-0.004137554806076188
-0.004137554806076188
-0.004137554806076188
-0.004137554806076188
-0.004137554806076188
0.017193916629630705
-0.004137554806076188
-0.004137554806076188
-0.004137554806076188
-0.004137554806076188
-0.004137554806076188
-0.004137554806076188
-0.004137554806076188
-0.004137554806076188
-0.004137554806076188
-0.004137554806076188
-0.004137554806076188
-0.004137554806076188
-0.004137554806076188
-0.004137554806076188
-0.004137554806076188
-0.004137554806076188
-0.004137554806076188
-0.004137554806076188
-0.004137554806076188
-0.004137554806076188
-0.040367673347138984
-0.004137554806076188
-0.004137554806076188
-0.004137554806076188
-0.004137554806076188
-0.004137554806076188
-0.0041375597781238595
-0.004137554806076188
-0.004137554806076188
-0.004137554806076188
-0.004137554806076188
-0.004137554806076188
-0.004137554806076188
-0.004137554806076188
-0.004137554806076188
-0.004137554806076188
-0.004137554806076188
-0.004137554806076188
-0.004137554806076188
-0.004137554806076188
-0.004137554806076188
-0.004137554806076188
-0.004137554806076188
-0.004137554806076188
-0.004137554806076188
-0.004137554806076188
-0.004137554806076188
-0.004137554806076188
-0.004137554806076188
-0.004137554806076188
-0.004137554806076188
-0.004137554806076188
-0.004137554806076188
-0.004137554806076188
-0.004137554806076188
-0.004137554806076188
-0.004137554806076188
-0.004137554806076188
-0.004137554806076188
-0.004137554806076188
-0.004137554806076188
-0.004137554806076188
-0.004137554806076188
-0.004137554806076188
-0.004137554806076188
-0.004137554806076188
-0.004137554806076188
-0.004137554806076188
-0.004137554806076188
-0.004137554806076188
-0.004137554806076188
-0.004137554806076188
-0.004137554806076188
-0.004137554806076188
-0.004137554806076188
-0.004137554806076188
-0.004137554806076188
-0.004137554806076188
-0.004137554806076188
-0.004137554806076188
-0.004137554806076188
-0.004137554806076188
-0.004137554806076188
-0.004137554806076188
-0.004137554806076188
-0.004137554806076188
-0.004137554806076188
-0.004137554806076188
-0.004137554806076188
-0.004137554806076188
-0.004137554806076188
-0.004137554806076188
-0.004137554806076188
-0.004137554806076188
-0.004137554806076188
-0.004137554806076188
-0.004137554806076188
-0.004137554806076188
-0.004137554806076188
-0.004137554806076188
-0.0012445567995288671
-0.004137554806076188
-0.004137554806076188
-0.004137554806076188
-0.004137554806076188
-0.004137554806076188
-0.004137554806076188
-0.004137554806076188
-0.004137554806076188
-0.004137554806076188
-0.004137554806076188
-0.004137554806076188
-0.004137554806076188
-0.004137554806076188
-0.004137554806076188
-0.004137554806076188
-0.004137554806076188
-0.004137554806076188
-0.004137554806076188
-0.004137554806076188
-0.004137554806076188
-0.004137554806076188
-0.004137554806076188
-0.004137554806076188
-0.004137554806076188
-0.004137554806076188
-0.004137554806076188
-0.004137554806076188
-0.004137554806076188
-0.004137554806076188
-0.0041375501073036966
-0.004137554806076188
-0.004137554806076188
-0.004137554806076188
-0.004137554806076188
-0.004137554806076188
-0.004137554806076188
-0.004137554806076188
-0.004137554806076188
-0.004137554806076367
-0.004137554806076188
-0.004137554806076188
-0.004137554806076188
-0.004137554806076188
-0.004137554806076188
-0.004137554806076188
-0.004137554806076188
-0.004137554806076188
-0.004137554806076188
-0.004137554806076188
-0.004137554806076188
-0.004137554806076188
-0.004137554806076188
-0.004137554806076188
-0.004137554806076188
-0.004137554806076188
-0.004137554806076188
-0.004137554806076188
-0.004137554806076188
-0.004137554806076188
-0.004137554806076188
-0.004137554806076188
-0.004137554806076188
-0.004137554806076188
-0.004137554806076188
-0.004137554806076188
-0.004137554806076188
-0.004137554806076188
-0.004137554806076188
-0.004137554806076188
-0.004137554806076188
-0.004137554806076188
-0.004137554806076188
-0.004137554806076188
-0.004137554806076188
-0.004137554806076188
-0.004137554806076188
-0.004137554806076188
-0.004137554806076188
-0.004137554806076188
-0.004137554806076188
-0.004137554806076188
-0.004137554806076188
-0.004137554806076188
-0.004137554806076188
-0.004137554806076188
-0.004137554806076188
-0.004137554806076188
-0.004137554806076188
-0.004137554806076188
-0.004137554806076188
-0.004137554806076188
-0.004137554806076188
-0.004137554806076188
-0.004137554806076188
-0.004137554806076188
-0.004137554806076188
-0.004137554806076188
-0.004137554806076188
-0.004137554806076188
-0.004137554806076188
-0.004137554806076188
-0.004137554806076188
-0.004137554806076188
-0.004137554806076188
-0.004137554806076188
-0.004137554806076188
-0.004137554806076188
-0.004137554806076188
-0.004137554806076188
-0.004137554806076188
-0.004137554806076188
-0.004137554806076188
-0.004137554806076188
-0.004137554806076188
-0.004137554806076188
-0.004137554806076188
-0.004137554806076188
-0.004137554806076188
-0.004137554806076188
-0.004137554806076188
-0.004137554806076188
-0.004137554806076188
-0.004137554806076188
-0.004137554806076188
-0.004137554806076188
-0.004137554806076188
-0.004137554806076188
-0.004137554806076188
-0.004137554806076188
-0.004137554806076188
-0.004137554806076188
-0.004137554806076188
-0.004137554806076188
-0.004137554806076188
-0.004137554806076188
-0.004137554806076188
-0.004137554806076188
-0.004137554806076188
-0.004137554806076188
-0.004137554806076188
-0.004137554806076188
-0.004137554806076188
-0.004137554806076188
-0.004137554806076188
-0.004137554806076188
-0.004137554806076188
-0.004137554806076188
-0.004137554806076188
-0.004137554806076188
-0.004137554806076188
-0.004137554806076188
-0.004137554806076188
-0.004137554806076188
-0.004137554806076188
-0.004137554806076188
-0.004137554806076188
-0.004137554806076188
-0.004137554806076188
-0.004137554806076188
-0.004137554806076188
-0.004137554806076188
-0.004137554806076188
-0.004137554806076188
-0.004137554806076188
-0.004137554806076188
-0.004137554806076188
-0.004137554806076188
-0.004137554806076188
-0.004137554806076188
-0.004137554806076188
-0.004137554806076188
-0.004137554806076188
-0.004137554806076188
-0.004137554806076188
-0.004137554806076188
-0.004137554806076188
-0.004137554806076188
-0.004137554806076188
-0.004137554806076188
-0.004137554806076188
-0.004137554806076188
-0.004137554806076188
-0.004137554806076188
-0.004137554806076188
-0.004137554806076188
-0.004137554806076188
-0.004137554806076188
-0.004137554806076188
-0.004137554806076188
-0.004137554806076188
-0.004137554806076188
-0.004137554806076188
-0.004137554806076188
-0.004137554806076188
-0.004137554806076188
-0.004137554806076188
-0.004137554806076188
-0.004137554806076188
-0.004137554806076188
-0.004137554806076188
-0.004137554806076188
-0.004137554806076188
-0.004137554806076188
-0.004137554806076188
-0.004137554806076188
-0.004137554806076188
-0.004137554806076188
-0.004137554806076188
-0.004137554806076188
-0.004137554806076188
-0.004137554806076188
-0.004137554806076188
-0.004137554806076188
-0.004137554806076188
-0.004137554806076188
-0.004137554806076188
-0.004137554806076188
0.03579855995761172
-0.004145033441950607
-0.004137554806076188
-0.004137554806076188
-0.004137554806076188
-0.004137554806076188
-0.004137554806076188
-0.004137554806076188
-0.004137554806076188
-0.004137554806076188
-0.004137554806076188
-0.004137554806076188
-0.004137554806076188
-0.004137554806076188
-0.004137554806076188
-0.004137554806076188
-0.004137554806076188
-0.004137554806076188
-0.004137554806076188
-0.004137554806076188
-0.004137554806076188
-0.004137554806076188
-0.004137554806076188
-0.004137554806076188
-0.004137554806076188
-0.004137554806076188
-0.004137554806076188
-0.004137554806076188
-0.004137554806076188
-0.004137554806076188
-0.004137554806076188
-0.004137554806076188
-0.004137554806076188
-0.004137554806076188
-0.004137554806076188
-0.004137554806076188
-0.004137554806076188
-0.004137554806076188
-0.004137554806076188
-0.004137554806076188
-0.004137554806076188
-0.004137554806076188
-0.004137554806076188
-0.004137554806076188
-0.004137554806076188
-0.004137554806076188
-0.004137554806076188
-0.004137554806076188
-0.004137554806076188
-0.004137554806076188
-0.004137554806076188
-0.004137554806076188
-0.004137554806076188
-0.004137554806076188
-0.004137554806076188
-0.004137554806076188
-0.004137554806076188
-0.004137554806076188
-0.004137554806076188
-0.004137554806076188
-0.004137554806076188
-0.004137554806076188
-0.004137554806076188
-0.004137554806076188
-0.004137554806076188
-0.004137554806076188
-0.004137554806076188
-0.004137554806076188
-0.004137554806076188
-0.004137554806076188
-0.004137554806076188
-0.004137554806076188
-0.004137554806076188
-0.004137554806076188
-0.004137554806076188
-0.004137554806076188
-0.004137554806076188
-0.004137554806076188
-0.004137554806076188
0.36568441135372043
-0.004137554806076188
-0.004137554806076188
-0.004137554806076188
-0.004137554806076188
-0.004137554806076188
-0.004137554806076188
-0.004137554806076188
-0.004137554806076188
-0.004137554806076188
-0.004137554806076188
-0.004137554806076188
-0.004137554806076188
-0.004137554806076188
-0.004137554806076188
-0.004137554806076188
-0.004137554806076188
-0.004137554806076188
-0.004137554806076188
-0.004137554806076188
-0.004137554806076188
-0.004137554806076188
-0.004137554806076188
-0.004137554806076188
-0.004137554806076188
-0.004137554806076188
-0.004137554806076188
-0.004137554806076188
-0.004137554806076188
-0.004137554806076188
-0.004137554806076188
-0.004137554806076188
-0.004137554806076188
-0.004137554806076188
-0.004137554806076188
-0.004137554806076188
-0.004137554806076188
-0.004137554806076188
-0.004137554806076188
-0.004137554806076188
-0.004137554806076188
-0.004137554806076188
-0.004137554806076188
-0.004137554806076188
-0.004137554806076188
-0.004137554806076188
-0.004137554806076188
-0.004137554806076188
-0.004137554806076188
-0.004137554806076188
-0.004137554806076188
-0.004137554806076188
-0.004137554806076188
-0.004137554806076188
-0.004137554806076188
-0.004137554806076188
-0.004137554806076188
-0.004137554806076188
-0.004137554806076188
-0.004137554806076188
-0.004137554806076188
-0.004137554806076188
-0.004137554806076188
-0.004137554806076188
-0.004137554806076188
-0.004137554806076188
-0.004137554806076188
-0.004137554806076188
-0.004137554806076188
-0.004137554806076188
-0.004137554806076188
-0.004137554806076188
-0.004137554806076188
-0.004137554806076188
-0.004137554806076188
-0.004137554806076188
-0.004137554806076188
-0.004137554806076188
-0.004137554806076188
-0.004137554806076188
-0.004137554806076188
-0.004137554806076188
-0.004137554806076188
-0.004137554806076188
-0.004137554806076188
-0.004137554806076188
-0.004137554806076188
-0.004137554806076188
-0.004137554806076188
-0.004137554806076188
-0.004137554806076188
-0.004137554806076188
-0.004137554806076188
-0.004137554806076188
-0.004137554806076188
-0.004137554806076188
-0.004137554806076188
-0.004137554806076188
-0.004137554806076188
-0.004137554806076188
-0.004137554806076188
-0.004137554806076188
-0.004137554806076188
-0.004137554806076188
-0.004137554806076188
-0.004137554806076188
-0.004137554806076188
-0.004137554806076188
-0.004137554806076188
-0.004137554806076188
-0.004137554806076188
-0.004137554806076188
-0.004137554806076188
-0.004137554806076188
-0.004137554806076188
-0.004137554806076188
-0.004137554806076188
-0.004137554806076188
-0.004137554806076188
-0.004137554806076188
-0.004137554806076188
-0.004137554814596791
-0.004137554806076188
-0.004137554806076188
-0.004137554806076188
-0.004137554806076188
-0.004137554806076188
-0.004137554806076188
