-0.004137554806076188
-0.004137554806076188
-0.004137554806076313
-0.004137554806076188
-0.004137554806076188
-0.004137554806076188
-0.004137554806076188
-0.004137554806076188
-0.004137554806076188
-0.004137554806076188
-0.004137554806076188
-0.004137554808523619
-0.004137554806076188
-0.004137554806076188
-0.004137554806076188
-0.004137554806076188
-0.004137554806076188
-0.004137554806076188
-0.004137554806076188
-0.004137554806076188
-0.004137554806076188
-0.004137554806076188
-0.004137554806076188
-0.008814611966619347
-0.004137554806076188
-0.004137554806076188
-0.004137554806076188
-0.004137554806076188
-0.004137554806076188
-0.004137554806076188
-0.004137554806076188
-0.004137554806076188
-0.004137554806076188
0.06302736605181532
-0.004137554806076188
-0.004137554806076188
-0.004137554806076188
-0.03161095276200633
-0.004137554806076188
-0.004137554806076188
-0.004137554806076188
-0.004137554806076188
-0.004137554806076188
-0.004137554806076188
-0.004137554806076188
-0.004137554806076188
-0.004137554806076188
-0.004137554806076188
-0.004137554806076188
-0.004137554806076188
-0.004137554806076188
-0.004137554806076188
-0.004137554806076188
-0.004137554806076188
-0.004137554806076188
-0.004137554806076188
-0.004137554806076188
-0.004137554598837106
-0.004137554806076188
-0.004137554806076188
-0.004137554806076188
-0.004137554806076188
-0.004137554806076188
-0.004137554806076188
-0.004137554806076188
-0.004137554806076362
-0.004137554806076188
-0.004137554806076188
-0.004137554806076188
-0.004137554806076188
-0.004137554806076188
-0.004137554806076188
-0.004137554806076188
-0.004137554806076188
-0.004137554806076188
-0.004137554806076188
-0.004137554806076188
-0.004137554806076188
-0.004137554806076188
-0.004137554805631413
-0.004137554806076188
-0.004137554806076188
-0.004137554806076188
-0.004137554806076188
-0.004137554806076188
-0.004137554806076188
-0.004137554806076188
-0.004137554806076188
-0.004137554806076188
-0.004137554806076188
-0.004137554806076188
-0.004137554806076188
-0.004137554806076188
-0.004137554806076188
-0.004137554806076188
-0.004137554806076188
-0.004137554806076188
-0.004137554806076188
-0.004137554806076188
0.06819793258582992
-0.002873689605211077
-0.004137554806076188
-0.004137554806076188
-0.004137554806076188
-0.004137554806076188
-0.004137554806076188
-0.004137554806076188
-0.004137554806076188
-0.004137554806076188
-0.004137554806076188
-0.004137554806076188
-0.004137554806076188
-0.004137554806076188
-0.004137554806076188
-0.004137554806076188
-0.004137554806076188
-0.004137554806076188
-0.004137554806076188
-0.004137554806076188
-0.004137554806076188
-0.004137554806076188
-0.004137554806076188
-0.004137554806076188
-0.004137554806076188
-0.004137554806076188
-0.00414172526013761
-0.004137554806076188
-0.004137554806076188
-0.004137554806076188
-0.004137554806076188
-0.004137554806076188
-0.004137554806076188
-0.004137554806076188
-0.004137554806076188
-0.004137554806076188
-0.004137554806076188
-0.004137554806076188
0.16973005486407639
-0.004137554806076188
-0.004137554806076188
-0.004137554806076188
-0.004137554806076188
-0.004137554806076188
-0.004137554806076188
-0.004137554806076188
-0.004137554806076188
-0.004137554806076188
-0.004137554806076188
-0.004137554806076188
-0.004137554806076188
-0.004137554806076188
-0.004137554806076188
-0.004137554806076188
-0.41600863885662254
-0.004137554806076188
-0.004137554806076188
-0.004137554806076188
-0.004137554806076188
-0.004137554806076188
-0.004137554806076188
-0.004137554806076188
-0.0041375536155595066
-0.004137554806076188
-0.004137554806076188
-0.004137554806076188
-0.004137554806076188
-0.004137554806076188
-0.004137554806076188
-0.004137554806076188
-0.004137554806076188
-0.004137554806076188
-0.004137554806076188
-0.004137554806076188
-0.004137554806076188
-0.004137554806076188
-0.004137554806076188
-0.004137554806076188
-0.004137554806076188
-0.004137554806076188
-0.004137554806076188
-0.004137554806076188
-0.004137554806076188
-0.0041374897072515284
-0.004137554806076188
-0.004137554806076188
-0.004137554806076188
-0.004137554806076188
-0.0041370846685329305
-0.004137554806076188
-0.004137554806076188
-0.004137554806076188
-0.004137554806076188
-0.004137554806076188
-0.0041375548060635665
-0.004137554806076188
-0.004152801553514614
-0.004137554806076188
-0.004137554806076188
-0.004137554806076188
-0.004137554806076188
-0.004137535783212065
-0.004137554806076188
-0.004137554806076188
-0.004137554806076188
-0.004137554806076188
-0.004137554806076188
-0.004137554806076188
-0.004137554806076188
-0.004137554806076188
-0.004137554806076188
-0.004137554806076188
-0.004137554806076188
-0.004137554806076188
-0.004137554806076188
-0.004137554806076188
-0.01937096692383363
0.08500455830908543
-0.004137554806076188
-0.004137554806076188
-0.004137554806076188
-0.004137554806076188
-0.004137554806076188
-0.004137554806076188
-0.004137554806076188
-0.004137554806076188
-0.004137554806076188
-0.004137554806076188
-0.004137554806076188
-0.004137554806076188
-0.004137554806076188
-0.004137554806076188
-0.004137554806076188
-0.004137554806076188
-0.004137554806076188
-0.004137554806076188
-0.004137554806076188
-0.004137554806076188
-0.0041375548058645885
-0.004137554806076188
-0.004137554806076188
-0.004137554806076188
0.35039000629051037
-0.004137554806076188
-0.004137554806076188
-0.004137554806076188
-0.004137554806076188
-0.004137554806076188
-0.004137554806076188
-0.004137544532316077
-0.004137554806076188
-0.004118587542163817
-0.004137554806076188
-0.004137554806076188
-0.004137554806076188
-0.004137554806076188
-0.004137554806076188
-0.004137554806076116
-0.004137554806076188
-0.004137554806076188
-0.004137554806076188
-0.004137743210421371
-0.004137554806076188
-0.004137554806076188
-0.004137554806076188
-0.004137554806076188
-0.004137554806076188
-0.004137554806076188
-0.004137554806076188
-0.004137554806076188
-0.004137554806076188
-0.004137554806076188
-0.004137554806076188
-0.004137554806076188
-0.004137554806076188
-0.004137554806076188
-0.004137554806076188
-0.004137554806076188
-0.004137554806076168
-0.004137554806076188
-0.004137554806076188
-0.004137554806076188
-0.004137554806076188
-0.004137554806076188
-0.004137554806076188
-0.004137554806076188
-0.004137554806076188
-0.004137554806076188
-0.004137554806076188
-0.004137554806076188
-0.004137554806076188
-0.004137554806076188
-0.004137554806076188
-0.004137554806076188
-0.004137554806076188
-0.004137554806076188
-0.004137554806076188
-0.004137554806076188
-0.004137554806076188
-0.004137554806076188
-0.004137554806076188
-0.03261433592904399
-0.004137554806076188
-0.004137554806076188
-0.004137554806076188
-0.004137554806076188
-0.004137554806076188
-0.004137554806076188
-0.004137554806076188
-0.004137554806076188
-0.004137554806076188
-0.004137554806076188
-0.004137554806076188
-0.004137554806077179
-0.004137554806076188
-0.004136909756423504
-0.004137554806076188
-0.004137554806076188
-0.003910621388855097
-0.004137554806076188
-0.004137554806076188
-0.004137554806076188
-0.004137554806076188
-0.004137554806076188
-0.004137554806076188
-0.004137554806076188
-0.004137554806076188
-0.004137554806076188
-0.004137554806076188
-0.004137554806076188
-0.004137554806076188
0.020135951304852476
-0.004137554806076188
-0.004137554806076188
-0.004137554806076188
-0.004137554806076188
-0.004137554806076188
-0.004137554806076188
-0.004137554806076188
-0.004137554806076188
-0.004137554806076188
-0.004137554806076188
-0.004137554806076188
-0.004137554806076188
-0.004137554806076188
-0.004137554806076188
-0.004137554806076188
-0.004137554806076188
-0.004137554806073511
-0.004137554806076188
-0.004137554806076188
-0.004137554806076188
-0.004137339766381071
-0.004137554806076188
-0.004137554806076188
-0.004137554806076188
-0.004137554806076188
-0.004137554806076188
-0.004137554806076188
-0.004137554806076188
-0.004137554806076188
-0.004137554806076337
-0.004137554806076188
-0.004137554806076188
-0.004137554806076188
-0.004137554806076188
-0.004137554806076188
-0.004137554806076188
-0.004137554806076188
-0.0041375548071428715
-0.004137522342872532
-0.004137554806076188
-0.004137554806076188
-0.004137554806076188
-0.004137554806076188
-0.004137554806076188
-0.004137554806076188
-0.004137554806076188
-0.004137554806076188
-0.004137554806076188
-0.004137554806076188
-0.004137554806076188
-0.004137554806076188
-0.004137554806076188
-0.4289225388211408
-0.004137554806076188
-0.004137554806076188
-0.004137554806076188
-0.004137554806076188
-0.004137554806076188
-0.004137554806076188
-0.004137554806076188
-0.004137554806076188
-0.004137554806076188
-0.004137554806076188
-0.004137554806076188
-0.004137554806076188
-0.004137554806076188
-0.004137554806076188
-0.004137554806076188
-0.004137554806076188
-0.004137554806076188
-0.004137554806076188
-0.004137554806076188
-0.004137554806076188
-0.004137554806076188
-0.004137554806076188
-0.004137554806076188
-0.004137554806076188
-0.004137554806076188
-0.004137554806076188
-0.004137554806076188
-0.004137554806076188
-0.004137554806076188
-0.004137554806076188
-0.004137554806076188
-0.004137554806076188
-0.004137554806076188
-0.004137554806076188
-0.004137554806076188
-0.004137554806076188
-0.004137554806076188
-0.004137554806076188
-0.004137554806076188
-0.004137554806076188
-0.004137554806076188
-0.004137554806076188
-0.004137554806076188
-0.004135885261397628
0.13936858331381902
-0.004137554806076188
-0.004137554806076188
-0.004137554806076188
-0.004137554806076188
-0.004137554806076188
-0.004137554806076188
-0.004137554806076188
-0.004137554806076188
-0.004137554806076188
-0.004137554806076188
-0.004137554806076188
-0.004137554806076188
-0.004137554806076188
-0.004137554806076188
-0.004137554806076188
-0.004137554806076188
-0.004147718364215679
-0.004137554806076188
-0.004137554806076188
-0.004137554806076188
-0.004137554806076188
-0.004137554806076188
-0.004137554806076188
-0.004137554806075134
-0.004137554806076188
-0.004137554806076188
-0.004137554806076188
-0.004137554806076188
-0.004137554806076188
-0.004137554806076188
-0.004137554806076188
-0.004137554806076188
-0.004224106761194473
-0.004137554806076188
-0.004137554806076188
-0.004137554806076188
-0.004137554806076188
-0.004137554806076188
-0.004137554806076188
-0.004137554806076188
-0.004137554806076188
-0.004137554806241061
-0.004137554806076188
-0.004137554806076188
-0.004137554806076188
0.018919686934423106
-0.004137554806076188
-0.004137554806076188
-0.004137554806076188
-0.004137554806076188
-0.004137554806076188
-0.004137519461347727
-0.004137554806076188
-0.004137554806076188
-0.004137554806076188
-0.004137554806076188
-0.004137554806076188
-0.004137554806076188
0.03137977626147297
-0.004137554806076188
-0.004138964737464135
-0.0041375521555522075
-0.004137554806076188
-0.004129320723867359
-0.004137554806076188
-0.004137554806076188
-0.004137554806076188
-0.004137554806076188
-0.004137554806076188
-0.004137554806076188
-0.004137554806076188
-0.004137554806076188
-0.12060428401235475
-0.004137554806076188
-0.004137554806076188
-0.004137554806076188
-0.004137554806076188
-0.004137554806076188
-0.004137554806076188
-0.004137554806076188
-0.004137554806076188
-0.004137554806076188
-0.004137554806076188
-0.004137554806076188
-0.004137554806076188
-0.004137554806076188
-0.004137554806076188
-0.004137554806076188
-0.004137554806076188
-0.0038963660023166907
-0.004137554806076188
-0.004137554806076188
-0.004137554806076188
-0.004137554806076188
-0.004137554806076188
-0.004137554806076188
-0.004137554806076188
-0.004137554806076188
-0.004137554806076188
-0.004137554806076188
-0.004137554806076188
-0.004137554806076188
-0.004137554806076188
-0.004137554806076188
-0.004137554806076188
-0.004137554806076188
-0.004137554806076188
-0.004137554806076188
-0.004137554806076188
-0.004137554806076188
-0.004137554806076188
-0.004137554626207837
-0.004137554806076188
-0.004137554806076188
-0.004137554806076188
-0.004137554805108699
-0.004137554806076188
-0.004137554806076188
-0.004137554806076188
-0.004137554806076188
-0.004137554806076188
-0.004137554806076188
-0.004137554806076188
-0.004137554806076188
-0.004137554806076188
-0.004137554806076188
-0.004137554806076188
-0.004137554806076188
-0.004137554806076188
-0.004137554806076188
-0.004137554806076188
-0.004137554806076188
-0.004137554806076188
-0.004137554806076188
-0.004137554806076188
-0.004137554806076188
-0.004137554806076188
0.2996405231602148
-0.004137554806076188
-0.004137554806076188
-0.004137554806076188
-0.004137554806076188
-0.004137554806076188
-0.004137554806076188
-0.004137554806076188
-0.004137554806076188
0.06534648937340963
-0.004137554806076188
-0.004137554806076155
-0.004137554806076188
-0.004137554806076188
-0.004137554806076188
-0.004137554806076188
-0.004137554806076188
-0.004137554806076188
-0.004137554806076188
-0.004137554806076188
-0.004137554806076188
-0.004137554806076188
-0.004137554806076188
-0.004137554806076188
-0.004137554806076188
-0.004137554806076188
-0.004137554806076188
-0.004173739223129996
-0.004137554806076188
-0.004137554806076188
-0.004137554806076188
-0.004137554806076188
-0.004137554806076188
-0.004137554806076188
-0.004137554806076188
-0.004137554806076188
-0.004137554806076188
-0.004137554806076188
-0.004137554806076188
0.003152992614442982
-0.004137554806076188
-0.004137554806076188
-0.004137554806076188
-0.004137554806076188
-0.004137554806076188
-0.004137554806076188
-0.004137554806076188
-0.004137554806076188
-0.028604975704709747
-0.004137554806076188
-0.004137554806076188
-0.004137554806076188
-0.00409042242351285
-0.004137554806076188
-0.004137554806076188
-0.004137554806076188
-0.004137554806076188
-0.004137554806076188
-0.004137554806076188
-0.02790710318879086
-0.004137554806076188
-0.004137554806076188
-0.004137554806076188
-0.004137554806076188
-0.004137554806076188
-0.004137554806076188
-0.004137554806076188
-0.004137554806076188
-0.004137554806076188
-0.004137554806076188
-0.004137554806076188
-0.004137554806076188
-0.004137554806076188
-0.004137554750830865
-0.004137554806076188
-0.004137554806076188
-0.004137554806076188
-0.004137554806076188
-0.004137554806076188
-0.004137554806076188
-0.004137554806076188
-0.004137554806076188
-0.004137554806076188
-0.004137554806076188
-0.004137554806076188
-0.004137554806076188
-0.004137554806076188
-0.004137554806076188
-0.004137554806076188
-0.003923371069529961
-0.004137554806076188
-0.004137554806076188
-0.004137554806076188
-0.004137554806076188
-0.004137554806076188
-0.004137554806076188
-0.004137554806076188
-0.004137554806076188
-0.004137554806076188
-0.004137554806076188
-0.004137554806076188
-0.004137554806076188
-0.004137554806076188
-0.004137554806076188
-0.004137554806076188
-0.004137554806076188
-0.004137554806076188
-0.004137554806076188
-0.004137554806076188
-0.004137554806076188
-0.004137554806076188
-0.004137554806076188
-0.004137554806076188
-0.003991770729750675
-0.004137554806076188
-0.004137554806076188
-0.004137554806070748
-0.004137554806076188
-0.004137554806076188
-0.004137554806076188
-0.004137554806076188
-0.004137554806076188
-0.004137554806076188
-0.004137554806076188
-0.004137554806076188
-0.004137554806076188
-0.004137554806076188
-0.004137554806076188
-0.004137554806076188
-0.004137554806076188
-0.004137554806076188
-0.004137554806076188
-0.004137554806076188
-0.004137554806076188
-0.004137554806076188
-0.004137554806748029
-0.004137554806076188
-0.004137554806076188
-0.004137554806076188
-0.004137554806076188
-0.004137554806076188
-0.004137554806076188
-0.004137554806076188
-0.004137554806076188
-0.004137554806076188
-0.004137554806076188
-0.004137554748257989
-0.004137554806076188
-0.004137554806076188
-0.004137554806076188
-0.004137554806076188
-0.004137554806076188
-0.004137554806076188
-0.004137554806076188
-0.004137554806076188
-0.004137554806076188
-0.004137554806076188
-0.004137554806076188
-0.004137554806076188
-0.004137554806076188
-0.004137554806076188
-0.004137554806076188
-0.004137554806076188
-0.004137554806076188
-0.6997178461506427
-0.004137554806076188
-0.004098359431789036
-0.004137554806076188
-0.004137554806076188
-0.004137554806076188
-0.004137554806076188
-0.004137554806076188
-0.004137554806076188
-0.016542347442792916
-0.004137554806076188
-0.004137554806076188
-0.004137554806076188
-0.004137554806076188
-0.004137554806076188
-0.004137554806076188
-0.004137554806076188
-0.004137554806076188
-0.004137554806076188
-0.004137554806076188
-0.004137554806076188
-0.004137554806076188
-0.004137554806076188
-0.004137554806076188
-0.004137554806076188
-0.004137554806076188
-0.004137554806076188
-0.004137554806076188
-0.001893424066987114
-0.004137554806076188
-0.004137554806076188
-0.004137554806076188
-0.004137554806076188
-0.004137554806076188
0.01438636308784618
-0.004137554806076188
-0.004137554806076188
-0.004137554806076188
-0.004137554806076188
-0.004137554806076188
-0.004137554806076188
-0.004137554806076188
-0.004137554806076188
-0.004137554806076188
-0.004137554806076188
-0.004137554806076188
-0.004137554806076188
-0.004137554806076188
-0.004137554806076188
-0.004137554853313746
-0.004137554806076188
-0.004137554806076188
-0.004137554806076188
-0.004137554806076188
-0.004137554806076188
-0.004137554806076188
-0.004137554806076188
-0.004137554806076188
-0.004137554806076188
-0.004137554806076188
-0.004137554806076188
-0.004137554806076188
-0.004137554806076188
0.47557171295874345
-0.10557527544074922
-0.004137554806076188
-0.004137554806076188
-0.004137554806076188
-0.004137554806076188
-0.004137554806076188
-0.004137554806076188
-0.004137554806076188
-0.004137554806076188
-0.004137554806076188
-0.004137554806076188
-0.004137554806076188
-0.004137554806076188
-0.004137554806076188
-0.004137554806076188
-0.004137554806076188
-0.004137554806076188
-0.004137554806076188
-0.004137554806076188
-0.004137554806076188
-0.004137554806076188
-0.004137554806076188
-0.004137554806076188
-0.004137554806076188
-0.004137554806076188
-0.004137554806076188
-0.004137554806076188
-0.004137554806076188
-0.004137554806076188
-0.004137554806076188
-0.004137554806076188
-0.004137554806076188
-0.004137554806076188
-0.004137554806076188
-0.004137554806076188
-0.004137554806076188
-0.004137554806076188
-0.004137554806076188
-0.004137554806076188
-0.004137554806076188
-0.004137554806076188
-0.004137554806076188
-0.004137554806076188
-0.004137554806076188
-0.004137554806076188
-0.004137554806076188
-0.004137554806076188
-0.0041372511859178234
-0.004137554806076188
-0.004137554806076188
-0.004137554806076188
-0.004137554806076188
-0.004137554806076188
-0.004137554806076188
-0.004137554806076188
-0.004137554806076188
-0.004137554806076188
-0.00413755480472521
-0.004137554806076188
-0.004137554806076188
-0.004137554806076188
-0.004137554806076188
-0.004137554806076188
-0.004137554806076188
-0.004137554806076188
-0.004137554806076188
-0.004137554806076188
-0.004137554806076188
-0.004137554806076188
-0.004137554806076188
-0.004137554806076188
-0.004137554806076188
-0.004137554806076188
-0.004137554806076188
-0.004137554806076188
-0.004137554806076188
-0.004137554806076188
-0.004137554806076188
0.44834900803966454
-0.004137554806076188
-0.004137554806076188
-0.004137554806076188
-0.004137554806076188
-0.004137554806076188
-0.004137554806076188
-0.004137554806076188
-0.004137554806076188
-0.004137554806076188
-0.004137554806076188
-0.004137552622652748
-0.004137554806076188
-0.004137554806076188
-0.004137554806076188
-0.004137554806076188
-0.004137554806076188
-0.004137554806076188
-0.004137554806076188
-0.004137554806076188
-0.004137554806076188
-0.004137554806076188
-0.004137554806076188
-0.004137554806076188
-0.004137554806076188
-0.004137554806076188
-0.004137554806076188
-0.004137554806076188
-0.004137554806076188
-0.004137554806076188
-0.004137554806076188
-0.004137554806076188
-0.004137554806076188
-0.004137554806076188
-0.004137554806076188
-0.004137554806076188
-0.004137554806076188
-0.004137554806076188
-0.004137554806076188
-0.004137554806076188
-0.004137554806076188
-0.004137554806076188
-0.004137554806076188
-0.004137554806072071
-0.004137554806076188
-0.004137554806076188
-0.004137554806076188
-0.004137554806076188
-0.004137554806076188
-0.004137554806076188
-0.004137352601583132
-0.004137554806076188
-0.00413755480612789
-0.004137554806076188
-0.004137554806076188
-0.004137554806076188
-0.0041375715283727315
-0.004137554806076188
-0.004137554806076188
-0.004137554806076188
-0.004137554806076188
-0.004137554806076188
-0.004137554806076188
-0.004137554806076188
-0.004137554806076188
-0.004137554806076188
-0.004137554806076188
-0.004137554806076188
-0.004137554806076188
-0.004137554806076188
-0.004137554806076188
-0.004137554806076188
-0.004137554806076188
-0.004137554806076188
-0.004137554806076188
-0.004137554806076188
-0.004137554806076188
-0.004137554806076188
-0.004137554806076188
-0.004137554806076188
-0.004137554806076188
-0.004137554806076188
-0.004137554806076188
-0.004137554806076188
-0.004137554806076188
-0.004137554806076188
-0.004137554806076188
-0.004137554806076188
-0.004137554806076188
-0.004137554806076188
-0.004137554806076188
-0.004137554806076188
-0.004137554806076188
-0.004137554806076188
-0.004137554806076188
-0.004137554806076188
-0.004137554806076188
-0.0040823462791147935
-0.004137554806076188
-0.004137554806076188
0.1903246345709172
-0.004137554806076188
-0.004137242305138868
-0.004137554806076188
-0.004137554806076188
-0.004137554806076188
-0.004137554806076188
-0.004137554806076188
-0.004137554806076188
-0.004137554806076188
-0.004137554806076188
-0.004137554806076188
-0.004137554806076188
-0.004137554806076188
-0.004137554806076188
-0.004137554806076188
-0.004137554806076188
-0.004137554806076188
-0.004137554806076188
-0.004137554806076188
-0.004137554806076188
-0.004137554806076188
-0.004137554806076188
-0.004137554806076188
-0.004137554806076188
-0.004137554806076188
-0.004137554806278423
-0.004137554806076188
