-0.004137554806076188
-0.004137554806076188
-0.004137554806076188
-0.004137554806076188
-0.004137554806076188
-0.004137554806076188
-0.004137554806076188
-0.004137554806076188
-0.004137554806076188
-0.004137554806076188
-0.004137554806076188
-0.004137554806076188
-0.004137554806076188
-0.004137554806076188
-0.004137554806076188
-0.004137554806076188
-0.004137554806076188
-0.004137554806076188
-0.004137554806076188
-0.004137554806076188
-0.004135517000894752
-0.004137554806076188
-0.004137554806076188
-0.004137554806076188
-0.004137554806076188
-0.004137554806076188
-0.004137554806076188
-0.004137554806076188
-0.004137554806076188
-0.004137554806076188
-0.004137554806076188
-0.004137554806076188
-0.004137554806076188
-0.004137554806076188
-0.004137554806076188
-0.004137554806076188
-0.004137554806076188
-0.004137554806076188
-0.004137554806076188
-0.004137554806076188
-0.004137554806076188
-0.004137554806076188
-0.004137554806076188
-0.004137554806076188
-0.004137554806076188
-0.004137554806076188
-0.004137554806076188
-0.004137554806076188
-0.004137554806076188
-0.004137554806076188
-0.004137554806076188
-0.004137554806076188
-0.004137554806076188
-0.004137554806076188
-0.004137554806076188
-0.004137554806076188
-0.004137554806076188
-0.004137554806076188
-0.004137554806076188
-0.004137554806076188
-0.004137554806076188
-0.004137554806076188
-0.004137554806076188
-0.004137554806076188
-0.004137554806076188
-0.004137554806076188
-0.004137554806076188
-0.004137554806076188
-0.004137554806076188
-0.004137554806076188
-0.004137554806076188
-0.004137554806076188
-0.004137554806076188
-0.004137554806076188
-0.004137554806076188
-0.004137554806076188
-0.004137554806076188
-0.004137554806076188
-0.004137554806076188
-0.004137554806076188
-0.004137554806076188
-0.004137554806076188
-0.004137554806076188
-0.004137554806076188
-0.004137554806076188
-0.004137554806076188
-0.004137554806076188
-0.004137554806076188
-0.004137554806076188
-0.004137554806076188
-0.004137554806076188
-0.004137554806076188
-0.004137554806076188
-0.004137554806076188
-0.004137554806076188
-0.004137554806076188
-0.004137554806076188
-0.004137554806076188
-0.004137554806076188
-0.003491233784969055
-0.004137554806076188
-0.004137554806076188
-0.004137554806076188
-0.004137554806076188
-0.004137554806076188
-0.004137554806076188
-0.004137554806076188
-0.004137554806076188
-0.004137554806076188
-0.004137554806076188
-0.004137554806076188
-0.004137554806076188
-0.004137554806076188
-0.004137554806076188
-0.004137554806076188
-0.004137554806076188
-0.004137554806076188
-0.004137554806076188
-0.004137554806076188
-0.004137554806076188
-0.004137554806076188
-0.004137554806076188
-0.004137554806076188
-0.004137554806076188
-0.004137554806076188
-0.004137554806076188
-0.004137554806076188
-0.004137554806076188
-0.004137554806076188
-0.004137554806076188
-0.004137554806076188
-0.004137554806076188
-0.004137554806076188
-0.004137554806076188
-0.004137554806076188
-0.004137554806076188
-0.004137554806076188
-0.0026873321665296128
-0.004137554806076188
-0.004137554806076188
-0.004137554806076188
-0.004137554806076188
-0.004137554806076188
-0.004137554806076188
-0.004137554806076188
-0.004137554806076188
-0.004137554806076188
-0.004137554806076188
-0.004137554806076188
-0.004137554806076188
-0.004137554806076188
-0.004137554806076188
-0.004137554806076188
-0.004137554806076188
-0.004137554806076188
-0.004137554806076188
-0.004137554806076188
-0.004137554806076188
-0.004137554806076188
-0.004137554806076188
-0.004137554806076188
-0.004137554806076188
-0.004137554806076188
-0.004137554806076188
-0.004137554806076188
-0.004137554806076188
-0.004137554806076188
-0.004137554806076188
-0.004137554806076188
-0.004137554806076188
-0.004137554806076188
-0.004137554806076188
-0.004137554806076188
-0.004137554806076188
-0.004137554806076188
-0.004137554806076188
-0.004137554806076188
-0.004137554806076188
-0.004137554806076188
-0.004137554806076188
-0.004137554806076188
-0.004137554806076188
-0.004137554806076188
-0.004137554806076188
-0.004137554806076188
-0.004137554806076188
-0.004137554806076188
-0.004137554806076188
-0.004137554806076188
-0.004137554806076188
-0.004137554806076188
-0.004137554806076188
-0.004137554806076188
-0.004137554806076188
-0.004137554806076188
-0.004137554806076188
-0.004137554806076188
-0.004137554806076188
-0.004137554806076188
-0.004137554806076188
-0.004137554806076188
-0.004137554806076188
-0.004137554806076188
-0.004137554806076188
-0.004137554806076188
-0.004137554806076188
-0.004137554806076188
-0.004137554806076188
-0.004137554806076188
-0.004137554806076188
-0.004137554806076188
-0.004137554806076188
-0.004137554806076188
-0.004137554806076188
-0.004137554806076188
-0.004137554806076188
-0.004137554806075227
-0.004137554806076188
-0.004137554806076188
-0.004137554806076188
-0.004137554806076188
-0.004137554806076188
-0.004137554806076188
-0.004137554806076188
-0.004137554806076188
-0.004137554806076188
-0.004137554806076188
-0.004137554806076188
-0.004137554806076188
-0.004137554806076188
-0.004137554806076188
-0.004137554806076188
-0.004137554806076188
-0.004137554806076188
-0.004137554806076188
-0.004137554806076188
-0.004137554806076188
-0.004137554806076188
-0.004137554806076188
-0.004137554806076188
-0.004137554806076188
-0.004137554806076188
-0.004137554806076188
-0.004137554806076188
-0.004137554806076188
-0.004137554806076188
-0.004137554806076188
-0.004137554806076188
-0.004081042685623395
-0.004137554806076188
-0.004137554806076188
-0.004137554806076188
-0.004137554806076188
-0.004137554806076188
-0.004137554806076188
-0.004137554806076188
-0.004137554806076188
-0.004137554806076188
-0.004137554806076188
-0.004137554806076188
-0.004137554806076188
-0.004137554806076188
-0.004137554806076188
-0.004137554806076188
-0.004137554806076188
-0.004137554806076188
-0.004137554806076188
-0.004137554806076188
-0.004137554806076188
-0.004137554806076188
-0.004137554806076188
-0.004137554806076188
-0.004137554806076188
-0.004137554806076188
-0.004137554806076188
-0.004137554806076188
-0.004137554806076188
-0.004137554806076188
-0.004137554806076188
-0.004137554806076188
-0.004137554806076188
-0.004137554806076188
-0.004137554806076188
-0.004137554806076188
-0.004137554806076188
-0.004137554806076188
-0.004137554806076188
-0.004137554806076188
-0.004137554806076188
-0.004137554806076188
-0.004137554806076188
-0.004137554806076188
-0.004137554806076188
-0.004137554806076188
-0.004137554806076188
-0.004137554806076188
-0.004137554806076188
-0.004137554806076188
-0.004137554806076188
-0.004137554806076188
-0.0041375548060763375
-0.004137554806076188
-0.004137554806076188
-0.004137554806076188
-0.004137554806076188
-0.004137554806076188
-0.004137554806076188
-0.004137554806076188
-0.004137554806076188
-0.004137554806076188
-0.004137554806076188
-0.004137554806076188
-0.004137554806076188
-0.004137554806076188
-0.004137554806076188
-0.004137554806076188
-0.004137554806076188
-0.004137554806076188
-0.004137554806076188
-0.004137554806076125
-0.004137554806076188
-0.004137554806076188
-0.004137554806076188
-0.004137554806076188
-0.004137554806076188
-0.004137554806076188
-0.004137554806076188
-0.004137554806076188
-0.004137554806076188
-0.004137554806076188
-0.004137554806076188
-0.004137554806076188
-0.004137554806076188
-0.004137554806076188
-0.004137554806076188
-0.004137554806076188
-0.004137554806076188
-0.004137554806076188
-0.0041375548060762985
-0.004137554806076188
-0.004137554806076188
-0.004137554806076188
-0.004137554806076188
-0.004137554806076188
-0.004137554806076188
-0.004137554806076188
-0.004137554806076188
-0.004137554806076188
-0.004137554806076188
-0.004137554806076188
-0.004137554806076188
-0.004137554806076188
-0.004137554806076188
-0.004137554806076188
-0.004137554806076188
-0.004137554806076188
-0.004137554806076188
-0.004137554806076188
-0.004137554806076188
-0.004137554806076188
-0.004137554806076188
-0.004137554806075165
-0.004137554806076188
-0.004137554806076188
-0.004137554806076188
-0.004137554806076188
-0.004137554806076188
-0.004137554806076188
-0.004137554806076188
-0.004137554806076188
-0.004137554806076188
-0.004137554806076188
-0.004137554806076188
-0.004137554806076188
-0.004137554806076188
-0.004137554806076188
-0.004137554806076188
-0.004137554806076188
-0.004137554806076188
-0.004137554806076188
-0.004137554806076188
-0.004137554806076188
-0.004137554806076188
-0.004137554806076188
-0.004137554806076188
-0.004137554806076188
-0.004137554806076188
-0.004137554806076188
-0.004137554806076188
-0.004137554806076188
-0.004137554806076188
-0.004137554806076188
-0.004137554806076188
-0.004137554806076188
-0.004137554806076188
-0.004137554806076188
-0.004137554806076188
-0.004137554806076188
-0.004137554806076188
-0.004137554806076188
-0.004137554806076188
-0.004137554806076188
-0.004137554806076188
-0.004137554806076188
-0.004137554806076188
-0.004137554806076188
-0.004137554806076188
-0.004137554806076188
-0.004137554806076188
-0.004137554806076188
-0.004137554806076188
-0.004137554806076188
-0.004137554806076188
-0.004137554806076188
-0.004137554806076188
-0.004137554806076188
-0.004137554806076188
-0.004137554806076188
-0.004137554806076188
-0.004137554806076188
-0.004137554806076188
-0.004137554806076188
-0.004137554806076188
-0.004137554806076188
-0.004137554806076188
-0.004137554806076188
-0.004137554806076188
-0.004137554806076188
0.5728403170964542
-0.004137554806076188
-0.004137554806076188
-0.004137554806076188
-0.004137554806076188
-0.004137554806076188
-0.004137554806076188
-0.004137554806076188
-0.004137554806076188
-0.004137554806076188
-0.004137554806076188
-0.004137554806076188
-0.004137554806076188
-0.004137554806076188
-0.004137554806076188
-0.004137554806076188
-0.004137554806076188
-0.004137554806076188
-0.004137554806076188
-0.004137554806076188
-0.004137554806076188
-0.004137554806076188
-0.004137554806076188
-0.004137554806076188
-0.004137554806076188
-0.004137554806076188
-0.004137554806076188
-0.004137554806076188
-0.004137554806076188
-0.004137554806076188
-0.004137554806076188
-0.004137554806076188
-0.004137554806076188
-0.004137554806076188
-0.004137554806076188
-0.004137554806076188
-0.004137554806076188
-0.004137554806076188
-0.004137554806076188
-0.004137554806076188
-0.004137554806076188
-0.004137554806076188
-0.004137554806076188
-0.004137554806076188
-0.004137554806076188
-0.004137554806076188
0.01585518642379817
-0.004137554806076188
-0.004137554806076188
-0.004137554806076188
-0.0040120020117121145
-0.004137554806076188
-0.004137554806076188
-0.004137554806076188
-0.004137554806076188
-0.004137554806076188
-0.004137554806076188
-0.004137554806076188
-0.004137554806076188
-0.004137554806076188
-0.004137554806076188
-0.004137554806076188
-0.004137554806076188
-0.004137554806076188
-0.004137554806076188
-0.004137554806076188
-0.004137554806076188
-0.01059908181175128
-0.004137554806076188
-0.004137554806076188
-0.004137554806076188
-0.004137554806076188
-0.004137554806076188
-0.004486166439658858
-0.004137554806076188
-0.004137554806076188
-0.004137554806076188
-0.004137554806076188
-0.004137554806076188
-0.004137554806076188
-0.004137554806076188
-0.004137554806076188
-0.004137554806076188
-0.004137554806076188
-0.004137554806076188
-0.004137554806076188
-0.004137554806076188
-0.004137554806076188
-0.004137554806076188
-0.004137554806076188
-0.004137554806076188
-0.004137554806076188
-0.004137554806076188
-0.004137554806076188
-0.004137554806076188
-0.004137554806076188
-0.004137554806076188
-0.004137554806076188
-0.004137554806076188
-0.004137554806076188
-0.004137554806076188
-0.004137554806076188
-0.004137554806076188
-0.004137554806076188
-0.004137554806076188
-0.004137554806076188
-0.004137554806076188
-0.004137554806076188
-0.004137554806076188
-0.004137554806076188
-0.004137554806076188
-0.004137554806076188
-0.004137554806076188
-0.004137554806076188
-0.004137554806076188
-0.004137554806076188
-0.004137554806076188
-0.004137554806076188
-0.004137554806076188
-0.004137554806076188
-0.004137554806076188
-0.004137554806076188
-0.004137554806076188
-0.004137554806076188
-0.004137554806076188
-0.004137554806076188
-0.004137554806076188
-0.004137554806076188
-0.004137554806076188
-0.004137554806076188
-0.004137554806076188
-0.004137554806076188
-0.004137554806076188
-0.004137554806076188
-0.004137554806076188
-0.004137554806076188
-0.004137554806076188
-0.004137554806076188
-0.004137554806076188
-0.004137554806076188
-0.004137554806076188
-0.004137554806076188
-0.004137554806076188
-0.004137554806076188
-0.004137554806076188
-0.004137554806076188
-0.004137554806076188
-0.004020467119028489
-0.004137554806076188
-0.004137554806076188
-0.004137554806076188
-0.004137554806076188
-0.004137554806076188
-0.004137554806076188
-0.004137554806076188
-0.004137554806076188
-0.004137554806076188
-0.004137554806076188
-0.004137554806076188
-0.004137554806076188
-0.004137554806076188
-0.004137554806076188
-0.004137554806076188
-0.004137554806076188
-0.004137554806076188
-0.004137554806076188
-0.004137554806076188
-0.004137554806076188
-0.004137554806076188
-0.004137554806076188
-0.004137554806076188
-0.004137554806076188
-0.004137554806076188
-0.004137554806076188
-0.004137554806076188
-0.004137554806076188
-0.004137554806076188
-0.004137554805779211
-0.004137554806076188
-0.004137554806076188
-0.004137554806076188
-0.004137554806076188
-0.004137554806076188
-0.004137554806076188
-0.004137554806076188
-0.004137554806076188
-0.14577577846257886
-0.004137554806076188
-0.004137554806076188
-0.004137554806076188
-0.004137554806076188
-0.004137554806076188
-0.004137554806076188
-0.004137554806076188
-0.004137554806076188
-0.004137554806076188
-0.004137554806076188
-0.004137554806076188
-0.004137554806076188
-0.004137554806076188
-0.004137554806076188
-0.004137554806076188
-0.004137554806076188
-0.004137554806076188
-0.004137554806076188
-0.004137554806076188
-0.004137554806076188
-0.004137554806076188
-0.004137554806076188
-0.004137554806076188
-0.004137554806076188
-0.004137554806076188
-0.004137554806076188
-0.004137554806076188
-0.004137554806076188
-0.004137554806076188
-0.004137554806076188
-0.004137554806076188
-0.004137554806076188
-0.004137554806076188
-0.004137554806076188
-0.004137554806076188
-0.004137554806076188
-0.004137554806076188
-0.004137554806076188
-0.004137554806076188
-0.004137554806076188
-0.004137554806076188
-0.004137554806076188
-0.004137554806076188
-0.004137554806076188
-0.004137554806076188
-0.004137554806076188
-0.004137554806076188
-0.004137554806076188
-0.004137554806076188
-0.004137554806076188
-0.004137554806076188
-0.004137554806076188
-0.004137554806076188
-0.004137554806076188
-0.004137554806076188
-0.004137554806076188
-0.004137554806076188
-0.004137554806076188
-0.004137554806076188
-0.004137554806076188
-0.004137554806076188
-0.004137554806076188
-0.004137554806076188
-0.004137554806076188
-0.004137554806076188
-0.004137554806076188
-0.004137554806076188
-0.004137554806076188
-0.004137554806076188
-0.004137554806076188
-0.004137554806076188
-0.004137554806094691
-0.004137554806076188
-0.004137554806076188
-0.004137554806076188
-0.004137554806076188
-0.004137554806076188
-0.004137554806076188
-0.004137554806076188
-0.004137554806076188
-0.004137554806076188
-0.004137554806076188
-0.004137554806076188
-0.004137554806076188
-0.004137554806076188
-0.004137554806076188
-0.004137554806076188
-0.004137554806076188
-0.004137554806076188
-0.004137554806076188
-0.004137554806076188
-0.004137554806076188
-0.004137554806076188
-0.004137554806076188
-0.004137554806076188
-0.004137554806076188
-0.004137554806076188
-0.004137554806076188
-0.004137554806076188
-0.004137554806076188
-0.004137554806076188
-0.004137554806076188
-0.004137554806076188
-0.004137554806076188
-0.004137554806076188
-0.004137554806076188
-0.004137554806076188
-0.004137554806076188
-0.004137554806076188
-0.004137554806076188
-0.004137554806076188
-0.004137554806076188
-0.004137554806076188
-0.004137554806076188
-0.004137554806076188
-0.004137554806076188
-0.004137554806076188
-0.004137554806076188
-0.004137554806076188
-0.004137554806076188
-0.004137554806076188
-0.004137554806076188
-0.004137554806076188
-0.004137554806076188
-0.004137554806076188
-0.004137554806076188
-0.004137554806076188
-0.004137554806076188
-0.004137554806076188
-0.004137554806076188
-0.004137554806076188
-0.004137554806076188
-0.004137554806076188
-0.004137554806076188
-0.004137554806076188
-0.004137554806076188
-0.004137554806076188
-0.004137554806076188
-0.004137554806076188
-0.004137554806076188
-0.004137554806076188
-0.004137554806076188
-0.004137554806076188
-0.004137554806076188
-0.004137554806076188
-0.004137554806076188
-0.004137554806076188
-0.004137554806076188
-0.004137554806076188
-0.004137554806076188
-0.004137554806076188
-0.004137554806076188
-0.004137554806076188
-0.004137554806076188
-0.004137554806076188
-0.004137554806076188
-0.004137554806076188
-0.004137554806076188
-0.004137554806076188
-0.004137554806076188
-0.004137554806076188
-0.004137554806076188
-0.004137554806076188
-0.004137554806076188
-0.004137554806076188
-0.004137554806076188
-0.004137554806076188
-0.004137554806076188
-0.004137554806076188
-0.004137554806076188
-0.004137554806076188
-0.004137554806076188
-0.004137554806076188
-0.004137554806076188
-0.004137554806076188
-0.004137554806076188
-0.004137554806076188
-0.004137554806076188
0.0006624308773454666
-0.004137560614894498
-0.004137554806076188
-0.004137554806076188
-0.004137554806076188
-0.004137554806076188
-0.004137554806076188
-0.004137554806076188
-0.004137554806076188
-0.004137554806076188
-0.004137554806076188
-0.004137554806076188
-0.004137554806076188
-0.004137554806076188
-0.004137554806076188
-0.004137554806076188
-0.004137554806076188
-0.004137554806076188
-0.004137554806076188
-0.004137554806076188
-0.004137554806076188
-0.004137554806076188
-0.004137554806076188
-0.004137554806076188
-0.004137554806076188
-0.004137554806076188
-0.004137554806076188
-0.004137554806076188
-0.004137554806076188
-0.004137554806076188
-0.004137554806076188
-0.004137554806076188
-0.004137554806076188
-0.004137554806076188
-0.004137554806076188
-0.004137554806076188
-0.004137554806076188
-0.004137554806076188
-0.004137554806076188
-0.004137554806076188
-0.004137554806076188
-0.004137554806076188
-0.004137554806076188
-0.004137554806076188
-0.004137554806076188
-0.004137554806076188
-0.004137554806076188
-0.004137554806076188
-0.004137554806076188
-0.004137554806076188
-0.004137554806076188
-0.004137554806076188
-0.004137554806076188
-0.004137554806076188
-0.004137554806076188
-0.004137554806076188
-0.004137554806076188
-0.004137554806076188
-0.004137554806076188
-0.004137554806076188
-0.004137554806076188
-0.004137554806076188
-0.004137554806076188
-0.004137554806076188
-0.004137554806076188
-0.004137554806076188
-0.004137554806076188
-0.004137554806076188
-0.004137554806076188
-0.004137554806076188
-0.004137554806076188
-0.004137554806076188
-0.004137554806076188
-0.004137554806076188
-0.004137554806076188
-0.004137554806076188
-0.004137554806076188
-0.004137554806076188
-0.004137554806076188
-0.025733191921322146
-0.004137554806076188
-0.004137554806076188
-0.004137554806076188
-0.004137554806076188
-0.004137554806076188
-0.004137554806076188
-0.004137554806076188
-0.004137554806076188
-0.004137554806076188
-0.004137554806076188
-0.004137554806076188
-0.004137554806076188
-0.004137554806076188
-0.004137554806076188
-0.004137554806076188
-0.004137554806076188
-0.004137554806076188
-0.004137554806076188
-0.004137554806076188
-0.004137554806076188
-0.004137554806076188
-0.004137554806076188
-0.004137554806076188
-0.004137554806076188
-0.004137554806076188
-0.004137554806076188
-0.004137554806076188
-0.004137554806076188
-0.004137554806076188
-0.004137554806076188
-0.004137554806076188
-0.004137554806076188
-0.004137554806076188
-0.004137554806076188
-0.004137554806076188
-0.004137554806076188
-0.004137554806076188
-0.004137554806076188
-0.004137554806076188
-0.004137554806076188
-0.004137554806076188
-0.004137554806076188
-0.004137554806076188
-0.004137554806076188
-0.004137554806076188
-0.004137554806076188
-0.004137554806076188
-0.004137554806076188
-0.004137554806076188
-0.004137554806076188
-0.004137554806076188
-0.004137554806076188
-0.004137554806076188
-0.004137554806076188
-0.004137554806076188
-0.004137554806076188
-0.004137554806076188
-0.004137554806076188
-0.004137554806076188
-0.004137554806076188
-0.004137554806076188
-0.004137554806076188
-0.004137554806076188
-0.004137554806076188
-0.004137554806076188
-0.004137554806076188
-0.004137554806076188
-0.004137554806076188
-0.004137554806076188
-0.004137554806076188
-0.004137554806076188
-0.004137554806076188
-0.004137554806076188
-0.004137554806076188
-0.004137554806076188
-0.004137554806076188
-0.004137554806076188
-0.004137554806076188
-0.004137554806076188
-0.004137554806076188
-0.004137554806076188
-0.004137554806076188
-0.004137554806076188
-0.004137554806076188
-0.004137554806076188
-0.004137554806076188
-0.004137554806076188
-0.004137554806076188
-0.004137554806076188
-0.004137554806076188
-0.004137554806076188
-0.004137554806076188
-0.004137554806076188
-0.004137554806076188
-0.004137554806076188
-0.004137554806076188
-0.004137554806076188
-0.004137554806076188
-0.004137554806076188
-0.004137554806076188
-0.004137554806076188
-0.004137554806076188
-0.004137554806076188
-0.004137554806076188
-0.004137554806076188
-0.004137554806076188
-0.004137554806076188
-0.004137554806076188
-0.004137554806076188
-0.004137554806076188
-0.004137554806076188
-0.004137554806076188
-0.004137554806076188
-0.004137554806076188
-0.004137554806076188
-0.004137554806076188
-0.004137554806076188
-0.004137554806076188
-0.004137554806076188
-0.004137554806076188
-0.004137556634664557
-0.004137554806076188
-0.004137554806076188
-0.004137554806076188
-0.004137554806076188
-0.004137554806076188
-0.004137554806076188
