0.478574202295596
0.05299972824961298
0.27151224584017764
0.09444623510985552
0.11501008700007777
0.24199543455642983
-0.29167156321909926
0.6969183152754429
0.42786077637240594
-0.3249483825065912
-0.05785466767398649
-0.0871013138889175
-0.4017307915812015
-1.333912461183621
0.931370953349061
-0.021985575561493814
-0.15352232479524583
-0.5627175358200572
0.20058030031122934
0.1985589621484586
0.5558655980109665
0.5772240895207826
0.3612626998075351
0.052494648242200306
-0.7784536006393393
0.6630964083503411
0.08495162698103766
0.21068349753760587
-0.5721639989002426
0.6992224767810328
-1.038643803005839
-0.20060386421875473
0.3013523906652248
-0.04280180469138482
-0.15626179853123587
-0.30330462873894104
-0.4110875697486328
0.07676735682392678
-0.046199804278231546
0.11599434339061222
-0.08779781393902684
-0.28859723549031135
0.18827455247310856
-0.898675939555916
-0.24222132287228545
0.6204797023400502
-0.13374086990088715
-0.283758087905411
-0.5422668144742605
0.17452572391344182
-0.2606036693113122
0.35019639224148646
0.7152817579292995
-0.046462175002086034
-0.12085461238207428
-0.5015051734876653
0.3524140056695583
0.26287302908986254
0.5436756497626277
0.3638227943899436
0.4229691550078304
-0.06472948917492292
0.2859607348701404
0.4326221860727669
-1.1982111684302492
0.14991558098716565
-0.17330959981313074
0.06725401208999106
-0.5397041861495454
0.31702917079258486
-0.12764044519623882
-0.45144803359532915
-0.4211040242571954
0.1493069934195518
0.06639112941820104
-0.03984318342281444
-0.8027784463686708
0.05117779344354613
-0.06952768649862438
0.2655248684619643
-0.08354977701673715
-0.21127744499453924
-0.005167991954137956
-0.3192722072220645
-0.338765360813419
0.5063711451409368
-0.31833632630379316
0.07765377799010555
-0.4876627806474584
-0.3128903248330278
0.003977698279597725
0.19552975903643036
-0.33552742883835796
0.14185490747119336
0.5861451781761812
-0.25857244409568947
-0.14531320643487197
0.30062314104948984
0.4502733331672145
-0.035535557556995875
0.054639150759422286
0.7189663488255477
0.052777041331132715
-0.5096035784545986
-0.6831793291428688
-0.12003434478680429
0.40277852082311594
0.9633500865340588
-0.06528162675456382
0.056175867449325914
0.555793721181503
0.24434955067973055
0.3110903433475679
-0.09189512805314147
-0.5298986360960524
-0.0024679598485540626
0.2444793282075534
-0.0405989811227022
0.8149845580532175
-0.04591421419600504
-0.500259628853715
-0.2044171201528003
-0.09428743787095271
-0.12518125605802174
-0.1322262487740232
-0.4072425680007544
-0.368053578693026
0.09472937219218171
-0.1395983751895907
-0.23994212420303848
-0.20458759597506523
0.34119140273991067
0.04017694198766465
0.300891049860034
0.15620291468781447
-0.17922708076232427
0.1948500264621004
0.5119151206973435
-0.09976622954053514
-0.3209937295161248
0.16228215059770226
0.0860981745394659
-0.026347712604545808
0.2099530094330714
-0.8661821001767812
-0.15381076597610507
0.08923109988313772
-0.47101716914095226
0.18554851520066365
-0.5703057168839382
-0.05596366347507274
0.45533299471602684
-0.3895654110357166
-0.06863165274929837
-0.24673364332961464
0.5381858829070302
-0.3050104879746204
-0.12563670368262012
-0.08768484770805994
-0.06434868918508517
-0.01810065618725108
-0.15419341046223276
0.13928763991319895
0.12463653582399349
0.12342296245423125
0.12075146797438453
-0.3813324264334511
0.4496189988963796
0.463819113881598
0.6494954329984989
0.048219307543744386
-0.16395262973180577
-0.6009135615508722
0.008606606594805517
0.23218683629912076
-0.06184718791845377
-0.33157256536539614
0.047168823400318374
0.4526385937480827
0.8328050575332991
0.2407029330930112
0.2228396206754241
-0.07901592946342749
-0.32741648843852145
0.23712489449142607
0.03275454845801486
0.34840214557925775
0.09033872591423066
-0.18196484020582768
-0.21908130512190369
0.013531961768398344
0.3821358359591832
0.3598704431471177
0.3409269185326794
0.266261103277342
-0.457354745822132
-0.005248302784926256
0.2983993654752105
0.05814916386622805
0.32140956748382854
0.44291727031217987
-0.08884437829047652
-0.13076838173720015
0.2581055811688199
-0.17459802291915535
0.4278627345626781
-0.1797249124601968
-0.017910294756492067
0.33086040783021675
0.2660326933815488
-0.08356377951677128
0.07482980646495697
-0.7051821607899974
-0.45785867986447426
-0.02045037854508212
-0.8661953691637908
-1.9003576726599818
-0.1201566731147009
-0.29368570769390645
-0.0003261009760183557
0.19401686387253894
-0.19210544125196213
0.011727228970024445
0.4027478519909279
0.02630529272835393
0.5022279502434316
0.072530183729708
0.43916416169273165
-0.9838082606002153
0.6344891976718628
-1.9878652140611097
-0.2672418966967912
0.1777562552089226
0.22121511878230185
0.100642634457223
0.4323359548561122
-0.12561129008211522
0.02976985382235821
0.28220463678382723
0.6413623081797312
0.13061939943190617
0.39678989369560613
0.18514269313907464
-0.5084370385676408
0.1439130455574246
0.33950414146579144
-0.12370389085147947
-0.6381318977275402
0.08720930576532528
0.20262577798167106
0.5316883094114201
0.045422097023222543
-0.4498944873354741
0.4236199766211449
-0.19269175926242207
-0.18142248673483094
-0.2163355195348172
-1.6554024699878769
0.5076861917789725
0.15865078299023208
0.30650800076053
0.2053790415562681
-0.20890982458352023
0.05210472872290918
0.38035322041520614
-0.06064483704731703
-0.7284235737933992
-0.06951348396129063
-0.16902888817747405
0.18902548636942
-0.0506161756291673
0.43481150299566773
0.5533567035995702
-0.04382933517949571
-0.06270582814487856
-0.5548928427915015
-0.737170156304605
0.021114402098825775
0.2712025232842953
0.21780986520601578
-0.20188018238751967
0.20154721474909967
0.83766518790579
1.079913186236056
-0.1370098651615169
-0.04892422050809252
-0.4855230153027964
-0.5412479783051148
-0.00047346064961826737
0.0559192257970539
0.4881858599644101
0.1802140089728265
0.05754474402914557
-0.019385693073227333
-0.2126799568664318
-0.36218235960091805
0.20629235321650943
0.136983115942425
0.01678741241365746
-0.42742917628888477
0.27706393840306165
-0.5458404490957957
0.11299243777298042
-0.2325507125252336
-0.12807697651845137
-0.2716166191868371
-0.2353757029920683
0.2518709087162373
-0.14357414245770292
0.14229306123959687
-0.14177924088759783
-0.21710833402205795
0.3771648411221161
-0.6795953475537807
0.37499406992293294
-0.2548369526002311
0.014912284071675903
0.37009937857840536
-0.6519589970366114
-0.11926435675196455
0.06592208738025697
-0.15341286115285543
0.06993795560002315
-0.5324331338519513
-0.4225325398382983
-0.5372218829010954
0.23554631249612581
0.6023677477980748
0.007602623465947329
-0.2555302418998474
0.12585155375336546
0.4098788293232799
-0.03689101144265937
0.03566763398817642
-0.7195261988861098
-0.0578399275405269
0.23301866724738898
-2.2182125224744333
0.32443866144364153
-0.14132784525724626
-0.6175956931605041
-0.30140537368347997
0.7292865394529914
-0.19696831935573952
-0.36463812925631023
-0.11441919151729595
-0.22439880902014261
-0.013109183034531884
0.0968938829871361
0.23835794111254596
-0.5490698382103533
-0.1540726834007081
-0.22466629369206745
-0.3461906894721819
-0.3424063957231892
0.45954157006617014
-0.1498350192621277
0.04818657986943954
-2.2503959182307196
0.18733909009916308
-0.15003229055351883
-0.20446731680423044
-0.32850619948884796
0.5207952188313977
-0.04371765494447853
-0.4346249163740715
0.48534110506432937
0.16098489327804058
0.14174963190493065
0.17751935031056268
0.4347932279730685
0.37807464519922507
-0.1994397825251791
-0.455142445640598
0.3729017983848598
-0.18107673514301967
0.0976997150001765
-0.18976264414578856
-0.5033126230296613
-0.21089191634530677
-0.24790154968661357
0.04413076074126522
0.05079893486376687
-0.15668516489268244
0.086183132204544
-0.07988379126372745
0.20802557601740337
-0.15367595085956806
0.46576401904762543
-0.15879420370037609
0.0255156029806697
-0.43475423197832475
0.0239222583794302
-0.0043360202763348225
0.2413950217742237
0.29845846713359203
-0.5712384391005932
-0.2581304575044182
0.6532967309880565
-0.26070542904075145
-0.11406076482073445
0.4023490533398185
0.4642967935098522
-0.25175802505660927
-0.30184994244871477
-0.15652416516665676
-0.07692650500404895
-0.042470199940988315
0.47953079332460613
-0.06250234139082377
-0.2196385061011353
0.06860698461864935
-0.9345053115329328
0.10841812853485479
0.21850345235466553
0.0683575882470532
0.2524660828238853
0.16485034102187127
0.2759424432690768
-0.027335103936004006
0.3502092275388172
-0.0840682848482762
-0.10466157923837104
-0.12792686513103244
-0.04781310020899353
-0.28744984701339005
0.18116561767658337
0.29975688911535914
0.5313137627210512
-0.28452230298689896
0.6398234603754803
-1.054382610219655
-0.2815710524005096
-0.05104907383520928
-0.17809518248535947
0.13820427003957172
-0.30749495217028977
-0.5851466475312973
-0.09124307807855057
-0.5442858267195735
-0.15242094651351254
-0.8003619662425073
-0.0235017553877007
0.12354675672912808
-0.15394170710121577
-0.03967142655275811
0.8672766150845025
0.1719533730992803
-0.06178999164953601
0.3709902396947339
-0.12427088109029803
0.21816210075820455
0.10474357136682023
-0.2613211094585258
0.2241180527578749
0.2700578979806961
-0.40292855231067326
0.414489581418669
-0.004663057427395461
0.05898584140674469
0.09665588186180031
0.010448509468710693
-0.31652621482343546
-0.5491095389181048
-0.10566805082299467
0.15104228216460394
-0.22455651911427674
0.2577972008909605
-0.11147299862912728
0.19908082753488157
-0.3095952198927726
-0.025301468562665224
0.20131108150069435
0.07796561028948158
0.05589600581788913
-0.11526035881449768
-0.06508128372100007
0.16520930456680608
0.3622355781439369
-0.7206453489308794
0.3473174995133995
0.166993183926358
0.1401360326085094
-0.2616270324500144
-0.8035598591571244
-0.43458098250545285
0.5214303406223607
-0.08309615073756348
-0.9522584342927297
-0.19320168172156502
0.35393764855267984
0.500488038194019
0.39936921871562137
-0.5810790723896245
-0.8286084678218634
0.5563373809054447
-0.3765062339210651
-0.5865222143269427
-0.10290793512994544
-0.017536253869936718
-0.042973752786990324
-0.23188632523568695
-0.5685647439245821
0.36884231602740203
-0.40319413726552333
-0.14569372072697048
-0.6854300552875582
-0.32134856588347416
0.0341000518805782
-0.4820747654390941
0.01929037770792576
-0.47715405507979225
0.18223468969891568
0.24184711817872687
-0.00579793715320585
0.13645396960565717
-0.3575547193870191
-0.23884452875922366
0.046398726399894966
1.0367074384386041
-0.3669904716162161
0.15533920356288147
0.2872375655762053
0.18111195055000154
-0.4512526016841808
-0.33256101503317337
0.07368921083524395
0.4776296159712189
-0.21871758132624416
-0.7893148332149241
-0.48459066666865025
0.4168248361493788
-0.17162139346354918
-0.7887787344714375
-0.046442369175434414
-0.2926328400015884
0.7216881639783109
-0.035846881160218266
-0.5243065222431381
0.5919781934436289
-0.03666299639476943
0.13552845857713938
-0.6512737636889646
-0.6060729523325538
-0.0703024085722269
-0.4433251766131402
-0.23583089150549727
-0.157216881565278
-0.03578336604743214
-0.05892087760489982
-0.5574600849045218
0.41741220507185395
-0.12807857831057698
0.4567109690850014
0.5791144164853291
-0.25050251080783104
-1.1897839062163869
0.3873041968295189
0.4133952818330361
-0.11290036788479117
-0.41578020906115165
-0.08167400885349384
0.1157918679372948
0.26377842833688436
0.00810356779227352
0.5033910156272589
-0.06700644179118008
-0.009756185586900262
0.10375340448153704
-0.12675385909969025
-0.7630988149869425
0.5982112691064102
0.19451226195642826
0.5617681834104801
0.36332334138497446
0.3819700336467605
-0.22515275492070183
0.052464686685933196
-0.030668009841607318
-0.09709464822589041
-0.20155100079832908
0.9552584008251538
0.043670543671746956
-0.5720417852709404
-0.2751575274519261
-0.25160335396239863
0.04375644341084785
-0.0659910886868532
-0.29742148474510655
-0.09930309705808892
0.2586303330795344
0.23176943309599154
0.21844318316718483
0.15288513827207476
-0.3261623416750744
0.1059960248418529
0.4498157765442624
-0.06724196435589423
-1.1547078615153306
0.010809666681157144
-0.05062000145050792
0.4023606301731345
0.23677098692536505
-0.5232191175696975
0.1352588089570507
0.471025759937589
0.0982601992399831
0.15498671337649453
0.40546193810099374
-0.044316862817065025
0.06289966341352095
0.4637961227830282
-0.16286955944724943
-0.0015507184776958165
-1.326593263135191
0.31173571280434376
-0.4476357777741681
0.04390802522187588
0.11454219208940909
-0.8688007161833088
0.05593349420028172
-2.8158855334362465
-0.41846800804109774
-0.09125152611877528
0.08707956029376941
0.0779991896380491
-0.2766545797175629
-0.2922626169330321
0.6370380985744785
0.06805881201482368
0.03716696586968439
-0.6656587994365178
0.48178961831972045
-0.024747269191431758
0.6072771262135129
0.38787784981026496
-0.15841932732707983
0.17953317240350466
-0.8398230556691487
-1.8895173955019067
-1.4540361403983957
-0.15298235702922577
0.08152778854002175
-0.493683481027538
-0.27721315007527847
0.003082739489293513
0.6274023304317154
0.043031110359793026
-0.48592633053982615
-0.29017334132688644
-0.17443038383128182
0.23255024844075636
0.14472350921057822
-0.1150586429947079
0.18460443507316496
-0.0972483406992438
0.8703163762205138
0.1774241922438732
-0.015122891443566249
-0.05812595600271418
-0.07654169132557197
-0.11457049663948014
0.15057451063853447
0.6274245451513535
-0.3370781599205065
0.18899060730980524
0.07379058728621869
-0.5329357816321657
0.4049049801816388
-0.09543431354141228
-0.153784083308912
0.12672171681140934
-0.33006089207525713
0.8301032276020642
0.20513972997493615
-1.209070643575583
0.389119333093611
0.1516700160750745
0.08020186560453992
0.4984898630183304
0.17272412462834744
-0.17904069734822178
0.13461905941178257
0.3938727537672616
-0.23774921454239126
0.026458398407500323
0.5123630162673237
0.3908328582113937
-0.26205369430899716
-0.05698087222406688
0.110952081066111
0.17516437135028942
-0.0007994706069419481
0.015161957102966323
-0.8054010907324723
-0.11783934047898935
-0.10257722785485011
-0.04757418484944363
0.6229926106931846
0.40161694155089267
0.9170796927552655
0.06393225101943369
0.3172420360776279
-0.35890992226277374
0.23783498706703968
-0.9149150491082597
-0.1547273272991679
0.37699452994065086
-0.7931312897749127
0.17405560261232159
0.10673911374245972
0.05075966140793765
0.0359361666531456
0.2946820983280226
0.381495261808111
0.5420524223668292
0.02030450047772416
0.38120056239205324
0.3999760315318547
-0.10546935016047986
0.47539866533917297
0.3051772347075167
0.09227142202781348
-0.13419600922050487
-1.4726010374251326
0.027266237821622536
-0.09925291833176463
-0.18855084086663995
0.5502348271023504
0.16320513104770354
0.3007489868995187
-0.16607485631442062
0.27333009376630246
0.18637566715948464
-0.08629668426054714
-0.07172708017940753
-0.006791102636253359
-0.02170435421799986
-0.280334712836653
-0.18400821048694857
0.2567461153513012
-0.04219618959945125
-0.024207628756498383
-0.1085168729059388
0.42315432589921065
-0.16888356513162636
0.5325696319278898
-0.3285747611008091
0.19970642433939437
0.18739439755461587
-0.025435608076114096
0.11236757414756106
-0.06426855073254721
-0.12004146760215338
0.2883294924497243
-0.19056274688154215
0.0038735639089356906
0.22370902575611643
0.2594773736480086
-0.31393777045592086
0.22535823276563752
0.30053607958996553
-0.1312635605030724
-0.8665788333462968
0.32360036890258004
-0.021932558485695846
-0.366364025659068
-0.10210525951218262
-0.4173001577385861
-0.3567453005941247
-0.2555815541107046
0.27990521511029576
-0.2528979698902306
-0.06650090632613935
0.29706517203472205
-0.1280046494495138
0.011265019357338386
0.05683102538833541
-0.1900179179131299
-0.10656997711995185
-0.4388214296300047
0.2705457979739544
0.24710600959514353
0.36392745733406395
0.48762305502954073
-0.09754883041516337
-0.08467119042520142
-0.06088041568707446
0.25354803126144143
-0.25759203753171034
-0.9329924634706174
-0.23994824997941175
0.12135589270689419
0.37587455488856636
-0.2806760835765435
-0.21030436920074966
-0.7033837244848836
0.3895046303258255
0.05911825057594257
-0.5521132964994603
-0.3137653221837645
0.3348650234722538
0.0539237680498378
-0.25481518127781866
0.02755936784665604
-0.23999930040681092
-0.8618672872646694
-0.21351527154192448
0.0649428648525895
0.22648904600840117
-1.5918414459596335
-0.5697426785237653
-0.3360845887150189
-0.45500699565483804
-0.24021567633632376
0.4443217137937495
-0.45814883672428264
0.07358259094964627
-0.4841159868578412
0.3993971211753685
-0.12378446452042922
-0.6043314554072728
-0.4236987016549886
0.13795329434284445
-0.3314036543750344
-0.7253720444403656
0.5054993327686624
0.012024946112518049
0.2335057764550538
-0.18216598052502983
-0.5998615927436312
-0.683681948466614
0.023250818694831605
0.0014649998936488058
0.09499763383607952
-0.31689701506910717
0.47705954017578167
-0.7292465799848514
0.44744460115093754
-1.6652593728554115
-0.042114428765654174
-0.29962084438296255
0.42933720126765673
0.6980725885549296
-0.17485956686557266
0.2730931191291127
-1.6511325944307897
0.7461812835808473
0.35414368392740736
0.5720177263953018
0.1647094354408886
0.06337642903804554
0.572076813108252
1.6223858672144276
-0.23721513938491276
0.24904993423974334
0.14247592227857778
-0.5844100241804909
0.31622454444887327
0.07818464967667328
0.32207698621736747
0.27218441737188004
0.34991898462934634
-0.06330473696208148
0.013923583810065438
0.033625281994051584
0.20243803509782024
-0.11624319751618849
-0.0534677585429376
-0.21177283601617644
0.5344644146835057
0.42497214308593423
-0.02210738615144368
0.3394307306005132
-0.5493288942013116
0.23199404220298683
0.41005143874054595
0.39486906743748984
0.2691775041953598
-0.14536683036640805
-0.18477674997282487
-0.23375478412799863
-0.11599646434902532
-0.09578726640874345
-0.03174689939692531
-0.02351735741666548
0.2328490201904462
0.09672736894768764
0.22323629821727545
-0.06879163647267493
0.04546563716589759
-0.11679550452746522
0.14993398441920083
-0.7443741124945568
-0.002924349055346869
0.4444302147024125
0.6038142447324383
-0.43513199617280873
0.2440233066522001
0.007788457001868605
0.10379323176253975
-0.1811742550349361
0.12896719775323864
0.8388750512197835
-0.21073600535703582
-0.20046555066132252
-0.1714301461116333
0.42038151945085167
0.5021969381637718
0.18555387978038387
0.3505973899278928
0.27916283925101804
-0.03059054407658777
0.08177988782561986
-0.41288763182944466
0.16135932102900488
-1.1068345891663685
-0.17419027320166544
0.18054046939205795
0.2726595738705907
-0.12212767952737856
0.08935869946985044
0.49225214240618664
0.2852998132397401
-0.02071025298314298
-0.25312696116126465
0.11434980386424932
-0.22803437833624626
-0.3330570306683066
0.23175495046274688
-0.4412957917899799
0.4181933203544622
-0.0804459676421455
0.7409801745797596
0.09912098533956883
-0.3536677698450198
0.5591044947021203
-0.059998856324032665
-0.10881013653625647
-0.548549586898169
-0.003604022777846754
0.15392097698094767
-0.07524828477545174
-0.03721964051442793
0.5121601783385238
-0.507922223215361
-0.041828430511995016
-0.21963345064087644
0.8000811339901978
-0.21131410651954172
-0.19860996082484958
-0.3096342365023087
0.4019748117412739
0.08773885156857521
-0.2940875432682185
0.037662742727201284
0.0758052315044312
-0.05928893428702896
0.302112949539589
0.2902621087660894
-0.15708101074500322
0.09364371770599002
-0.2690496892534856
-0.2345832639285573
0.07553692871671171
-0.12199179740954623
-0.09532389649329463
-0.0306800523196523
-1.4461860710621839
0.20044792886576315
0.07941995696556127
-0.25344433129121346
0.35422565926642735
0.6576648166972842
-0.14427883569765218
0.21283589970189945
0.6593388700471113
0.3579479759102796
0.3228814519836246
-0.03985760500470224
0.3014026065044991
-0.2688434154573577
0.2518575431183968
-0.436054354861413
-0.8288305324327631
-0.10243515234672028
-0.07204225548958508
-0.02236949345655002
0.3692549162030311
0.2734168221773393
0.019177850049291973
0.8043147635639342
-0.15928083702014137
-0.34157107899542216
0.22977351788604908
-0.3048105074041668
0.14728078144550474
-0.3888178153702574
-0.47391117651681325
-0.020000760574559667
