0.12039238201859065
-0.0367789188250523
-0.003999147874240827
0.11320566351601519
-0.07184442579297945
0.02504733654816224
-0.005552814615457369
-0.015015305795761658
0.10654149502919019
-0.06546737086352458
0.021884355773439862
0.09247950281155493
-0.0688087535873814
0.11761449081561098
0.12066658968652422
-0.008922126277563502
-0.002570707116233306
0.023114332486813244
-0.010248903594141351
0.06999273076320936
-0.002577124780677398
-0.07195385422400993
-0.07537496256229163
0.07413003141344693
-0.01552885144108862
0.0005770758613255766
-0.0479643121211738
-0.010122028900693136
0.03279520199936903
0.0893306825727817
-0.028422272912085933
-0.06641488696126545
0.05001236125604483
-0.014737483808270918
0.058967543879532985
0.0031257548712273486
-0.05459853240147758
0.11107958830352338
-0.016589344944550666
-0.01416966292087904
-0.07083961442060173
-0.010030796668708264
-0.06610280162120828
-0.005526685253181368
0.054287638074840106
-0.06289739607213435
-0.028133168750088144
-0.07929984387888842
0.0009457660837624837
-0.005127422052223135
-0.05308673188166524
0.20603767854884486
-0.07143075267755762
0.009675045291692885
0.006709108791072144
0.005661012446385061
0.05049728724710867
0.015057910218436693
0.1285672277599223
-0.07509687729937664
0.06534755404198145
0.1087922938924864
-0.010764349215455521
-0.04732939410398576
0.11321142426704228
0.04747517925632394
0.022108901116264706
-0.02574262121820209
0.04832556999860835
-0.07362663725198237
0.056041525590527774
0.08528511147637458
-0.007862357448860186
0.19867037840088375
0.008425999354717162
-0.04856667972251849
-0.005189153147287823
-0.06310277098318251
-0.0009687727703052151
-0.01133673935075974
0.012135118653673477
-0.05480421941464858
0.08033190894426495
-0.0059321527889635295
-0.00860808974629615
0.03263550861020181
0.03545509247034051
-0.004555243344313564
0.11805851513700144
-0.07277005666087936
0.0014536504194808675
-0.041267886583673696
-0.041998391499237675
0.015248921175203073
0.04016520203327115
-0.013932296350725543
-0.008044550388330185
0.00925004729796805
0.06428036590859965
-0.012536552718321159
0.09598561456448468
0.039373643381867385
-0.062175986163200095
0.08572300482346595
-0.042323301564539506
-0.0679550529461732
-0.06653959319777593
0.015235840913717769
-0.07312568213101095
-0.04153219578454201
0.10739499320108903
-0.0759318733296965
0.12188523134260609
-0.068507763686906
-0.03105764921838719
0.006283671803439722
-0.012455742159994343
-0.053018340682905715
-0.006772566715842726
0.12643913496840004
0.06972633246996593
-0.06908419997516899
-0.012933186095312466
-0.06860774185697233
-0.06613468611731442
0.015813073476012324
-0.053012483829917384
0.15049893603330494
0.0013102999998872156
0.1971251936971657
-0.01857355479117917
0.061366397288524055
0.003813011931609489
0.07135850520385956
-0.00920923843745039
-0.01721019441907712
-0.04517380169482274
-0.044853667149478915
0.11103994986057958
0.11072221904886492
-0.05730371503679871
-0.07510643366925793
-0.018032650834820252
0.09659584131422433
-0.037413114927507984
-0.04625024255975904
0.010737847732241762
0.1077758890538878
-0.03182175403388943
-0.06520276913944545
-0.001960350763591967
0.010659506935088103
0.11979510093468088
0.05662006930766253
-0.0587429409992538
0.01435578006371549
-0.00950609401961569
-0.07173501235792121
-0.017516401988276864
0.015460779111336087
0.07706230938110964
-0.01745967983501584
0.11224301503825268
-0.07110194107009193
-0.06791277362740267
-0.06737487423503981
-0.06942135979708516
0.1167901279261489
0.01785129204307853
0.04524900922078334
0.05857564600511511
0.004285254902348795
-0.06437698630968182
0.040995667547905595
0.09406103527909171
-0.05966376410332938
0.03425965738363601
0.05546625089879392
-0.05000921288497309
-0.007412404345568557
-0.02515509352212464
0.0016748423681561542
-0.060120794047348144
0.1225185189294043
-0.06696923476234834
-0.035513751489285955
0.010144741216504938
-0.02020734765695903
-0.04959533676800015
-0.0035960190016344207
0.026964215603175468
-0.04891153100942494
0.003984610308339381
-0.07106986862121832
0.015723568632046825
-0.06914992535720839
-0.009859515175033251
0.08019915325357058
0.016820986821685258
0.003618189492074486
-0.01519322002159429
-0.06429280768109605
-0.06654672443081776
-0.07324420737394091
-0.01864636472239245
-0.016041798092980564
-0.013471989571332749
-0.06551495729081667
0.019381723909225324
0.04947328512095772
-0.0017356411736126343
0.11564251662967678
-0.06190963624721055
-0.05051444782822728
-0.0765198175091277
0.0913797878148716
-0.007638729870697691
0.014017788758027228
-0.004176918243768035
-0.043826594087419346
-0.011928780177039883
0.0028174362448319945
-0.07538507947745081
0.07767648525100584
0.07016743434835715
0.07038942069709161
0.014514602826993656
-0.03783748126319286
0.10238021927606178
-0.010433065086235677
-0.01272197513114659
-0.015674646514884316
-0.012965886350486983
-0.06463312631056861
-0.06577283837605566
-0.010015007519035724
-0.07726783384327447
0.0215226479814542
0.10695612742661548
-0.05350294980804321
-0.0024004020155296846
0.030610381021612676
0.002640665683070975
-0.056677878055308925
0.006793843729501231
0.11845274882605522
-0.07552871973899669
-0.0414439412635538
0.1127521045098388
0.42798655752257814
-0.023995518100745933
-0.017144804534635683
0.010433369548752847
0.002080963190959989
-0.07232207171928474
0.08855014278978529
-0.014420904688393688
-0.06739282377450992
-0.07432883125985985
0.10632478196388806
0.003629793071332321
0.11514233595934226
-0.04403626918064815
-0.017358908387702515
0.0004965736212780569
0.027407377937793964
0.03472084613082288
-0.054825527103654
-0.07146435628252623
-0.07755559677928908
0.11377916161794266
0.06940452579003417
0.019857037424151486
0.11556133937425456
-0.05545283167627746
0.11971721379470546
-0.06467313708164794
-0.016649320289669645
0.07844280102393891
-0.03220908708512349
-0.002350593080282709
-0.033658766329765305
0.0022964377608750697
0.11782043937500708
-0.01504779558304431
0.03681770122657868
-0.07032483641753717
0.04423496106379057
-0.009534305415160982
0.022448155251178048
0.06928042920036082
0.003934997277370206
0.05956841811990121
0.10693459599296978
-0.018107031137046703
-0.06566248411768208
0.09223503828371649
-0.0179433430436374
-0.020756732886467455
0.012683881228978955
0.0077376294458443295
0.020795799712761104
-0.03217205992100641
0.014444649690881967
0.11471488723816942
0.11631743146832613
-0.0025269136042552487
0.11468850829171712
0.1156686563085178
-0.002933646622948899
-0.07746534789855633
-0.023205288121893763
0.019546288557217295
-0.03770709611140041
0.02259219603607157
-0.05420455113760106
0.021635671086156605
-0.07796706420782369
-0.07238334115868987
-0.007528948787898143
-0.01847825904082781
-0.07845171620930264
0.011943407702305509
-0.07341981503632797
-0.07576203487072258
0.01898627509900619
0.11862167497021081
0.10915219352330247
0.01693476404610142
0.0012142021581156848
0.08960758856095763
0.02244843644584124
-0.029937073402642123
-0.004247877610364881
0.12097460529684351
0.10259156016953169
0.011080678388213583
-0.07020769567171041
-0.02772780668893865
-0.03371663437854239
-0.014873663086687278
0.039587555965834326
0.006512761697316988
0.008835097740224007
-0.01988620709399766
-0.062294114269753564
-0.015298852006546959
-0.06779025039361775
-0.06912379207702843
0.020042758083364032
-0.06281381344879507
-0.028721791078557768
0.024677038072232926
-0.021888597617359618
-0.07302283192297215
-0.007487959762982388
0.04402148493110103
-0.058707748108890206
0.11932323922268712
-0.06416001336174415
0.01215149321086656
0.1180318508508511
0.01435756054216189
0.010224913399092622
0.007868645940045882
0.04707156575481877
0.12047846570253434
0.017774355770960926
0.023820862456830738
0.10824056550883404
0.059282509129011285
0.11078672453745858
-0.0750480125615129
0.012087271216789236
0.1153258279029451
-0.015499662821333082
-0.04570427768834509
-0.006861516966121778
-0.007631297666373271
0.10453427321447134
-0.0031613749427108484
0.11770192354445835
0.0016079584970945804
0.03589146660122014
-0.0728136845343418
-0.058782175815543514
-0.03320268898128531
0.08237228841050309
0.006424082481556237
0.11859704325755005
0.12020737092447492
0.06214554754937221
-0.010899693515632636
-0.011935202212310286
-0.044890408342684596
0.10864966113376456
-0.07914607882517805
-0.06656377620102175
0.11478825185810976
0.07913537209978755
-0.017263394773998464
0.08844514300829898
-0.007753108433799505
-0.029795365113063466
0.12256053879782963
-0.0019242427250043548
-0.047838700624021346
-0.014709123883059727
0.11603447252182048
0.0385565918753869
-0.005734305230640335
-0.007608903007563117
0.1179664089872699
-0.06411177903637065
-0.06217755061878373
-0.05501051490311265
0.009958523532789282
-0.01443676755442902
-0.025588217432990473
0.010519282442304018
-0.00931847059014737
-0.07380058427439382
0.11684372211026545
-0.008686329479709265
-0.07149119694351835
-0.01700617964897172
0.023476937429303263
-0.04416747538064986
0.24442322051029308
-0.017179615889537342
0.041476422863519824
0.1124110764603023
0.05652042267950047
-0.018402060564029987
-0.01769733412316571
-0.07441110876006433
0.010184344066780981
-0.019920296276634414
0.07231474580762454
0.08251405895169783
0.004680952301721747
-0.06608950561028042
0.12219866307644012
-0.03188156665532141
-0.06431523037192936
-0.042012923752101056
0.11411441100461595
0.09803561778741854
0.018060517709356294
-0.024866446603080572
0.020501347750522064
-0.005620524120365816
0.03400325887196137
-0.04173530853887894
-0.034589579674776744
0.06503862166685634
-0.06436592339101854
-0.07457081985949593
0.11311796694549864
-0.07301731788431036
0.12115434710577067
-0.012814384384892519
0.05129707051163632
-0.07213311182054005
-0.00983443605411416
0.013538018330511936
-0.037590619816071646
-0.0306766196923898
-0.06354486707088589
0.022084451424975643
0.019857569615681803
0.0014453091447997057
0.04779156310840227
0.11473627069539322
-0.06589007175911459
0.02257235689498155
0.01610435523310033
-0.018593249661630118
0.11263466225178997
-0.07500663213557594
-0.01576880661106833
0.005360969182454989
0.08843508950495921
-0.06509556363500567
0.06204505863616125
-0.07850340037662054
-0.03235886881630223
0.0008729301782076648
-0.07147969552064974
0.11541489367884755
-0.014243626342373389
-0.043495487736798344
-0.07529255553847206
0.10586125026413801
0.05765335114976028
0.011449217809600148
0.11016937323270531
0.04487806929895305
-0.0650807203545217
-0.0644044985399883
-0.0033097817132462237
0.11628377013811103
0.058666821358137305
0.09367241693548622
-0.01934755169726246
-0.016794735498321223
-0.016151167411904255
0.11594390642236185
0.10847345153571747
-0.07766072456395119
0.017923679533043635
-0.06153625162868494
-0.0675857684003016
-0.009707859004687236
-0.07818703136021504
0.00584378820812087
-0.06227203560849792
-0.06563107876939131
-0.07894974389960478
0.12033632372774838
-0.01856760840463037
0.0015511865229743682
0.07870882031855347
-0.044491892041027936
0.06352096837341531
0.0015060195735968618
-0.01196741894551312
0.08655378248214024
0.060728278200838676
-0.0777865014091757
-0.06858927693921643
0.01295646139129586
-0.016510819751901162
0.0304967589864841
-0.01843688780497199
0.10893217115215997
0.021531473105939336
-0.010821603069445851
-0.07930684920817488
0.10360764082621415
-0.05777824300206025
0.04443371272792396
0.10154546317390262
0.11994434275490928
-0.07799584955159103
-0.029413062072946417
-0.005071646049087525
-0.016324133090148046
0.020743080214005755
-0.06533592647121156
-0.06625600557693306
-0.07060595734505007
-0.05743963660025181
0.00857293232584258
-0.02305730795158467
0.11227682620583118
-0.006591966029233121
0.01322825084430837
0.015247276019374284
-0.053170783600321125
-0.07254707405861063
-0.04981932695223029
0.30464116077039677
0.007062196322575404
0.11005336884415462
0.00462770848811786
0.023607494548644442
-0.009744076538445529
0.013437536675171252
0.07181091285415198
0.027209848147617927
0.006839309126857984
-0.018827530731860442
-0.05160639424459143
0.04236178268765181
0.08714851959671871
-0.005007656198516841
-0.030712785017466382
0.0004345642365974345
0.11393176352604623
-0.011860637168041643
0.12161779812170187
0.00023629163083060956
-0.014366988628082833
-0.07308419468431346
0.053868346491137115
0.01255033778176226
-0.06524428851825752
-0.07521131368323515
0.05366629566306891
0.002289554857054704
-0.07844587794238975
-0.016453925934733743
-0.07512477182046622
-0.06465788395801969
0.021877487657470107
-0.05117627595294569
-0.04650083535868649
-0.05189653151219986
-0.028734619960327862
0.00232635294123798
0.017669530504696662
-0.011712276746576378
0.1188398428034983
0.026816727544137386
-0.0011103092478025323
-0.009547967968353666
-0.003729111606131985
0.04351986248075726
-0.07071208932650137
0.031961645436913544
0.0644557103190031
0.012934197683563131
-0.06770421582194712
0.11654670825481794
-0.014147262297339702
-0.02423966563008731
-0.04453167188955032
-0.01651624080747338
-0.07096468762776326
-0.07931737644867161
0.23025391086867397
0.009567653025235684
0.020395911661497845
0.02496093908589267
0.10613198199241897
-0.04810435275234029
0.0670452978004204
0.16046902963152526
0.05783814049540956
0.013162391509143279
-0.032964160319407465
0.11452428180561847
-0.06438619464169873
-0.04257501877950062
0.024302683885116305
0.008737217095130034
0.03428728322492816
-0.06500484037766625
0.1175810052800973
0.023227638982919685
0.02139101697179363
0.11046087776700991
-0.011524765278645044
-0.06393392656067189
0.010717036785994255
0.2592657076495858
-0.00041038445527472045
-0.051304367152932434
0.07587574122868063
-0.05763479439348068
0.08545328121712986
-0.07134901016994707
5.215441710465507e-05
-0.07503529027624377
-0.03254353026718074
0.009434646625634452
-0.0450257972745107
-0.06650945122092806
0.020240128694697213
-0.04526990345106052
-0.001603208596054062
-0.07663448898425781
0.11360565450615251
-0.0702639903935337
-0.0652527136956078
-0.0035857957101969318
0.015427511021680468
-0.05078800610447726
-0.0032163221365953676
0.09372651886021277
0.022735523209403835
0.11527404219278636
0.11721705835774249
-0.061728487761504885
0.07883733330624282
0.003911361178522421
-0.01176587118934988
0.11348572839037913
-0.0686379246613247
-0.049761452475366286
-0.015008727282914247
0.12145479580940927
0.00960474237764411
-0.07856488420135199
-0.05975394322551501
0.11566799539410838
-0.008251119144943142
-0.03903338880057472
-0.009331848042614582
-0.07134181173567848
0.11675821206313919
0.09049926525434898
-0.051114562104496025
-0.04845647711072637
-0.01623972999840889
0.11391105635020543
0.011141434061793298
0.11164479625483065
0.013347918452628393
0.05162104469055959
-0.06857601306905392
-0.017406977619540437
-0.016445708484074867
0.11977675187800912
-0.006331420860766407
-0.07484525405686548
-0.052765657826062434
0.01500276357073499
-0.07761628977291543
0.05325986534316793
-0.023234093583144405
-0.017819798944770093
0.01992326132118208
-0.017458077840465797
0.009409641985767547
-0.028388664361483074
-0.07626134350018463
0.009494726149354815
-0.010914228781760488
-0.03170596962663691
0.010591127878379819
0.10943807769270325
-0.01729245763718318
-0.01327515204534177
0.023181459203770266
-0.018188311996108153
0.08405076091208513
0.05970678788304884
-0.076436218921509
0.12210869544560893
0.05211529194061271
0.013420832583749431
-0.03799952520196251
0.0420925527162804
0.0009792838037621654
0.008573954856744948
0.01697221559267123
0.009420137867800965
0.007037019970599079
0.006066252878110773
-0.06656955777342269
0.08533978662977532
-0.012951735941373776
0.00887851582330984
-0.06157548223992909
-0.012910305285346174
-0.015257739110760365
-0.07539049305852785
0.013265239111594385
-0.009767363599063827
-0.06777538110221948
-0.06676519675853211
-0.0013253035562120763
-0.07471388337612128
-0.06894839391468995
-0.05836446221676743
0.11829982415277823
-0.06462441716381702
0.002493437895457945
-0.008640179017886856
0.11178052393934579
-0.016573187784180876
0.03193610651824019
0.10749445922528339
0.02424280907818452
-0.06393102259058464
-0.034987757706449796
-0.03665415973570749
-0.03139842140029442
0.07140463437412506
0.014335964497151465
-0.07870725931019198
0.11028668454264351
0.007874261232823782
-0.07098710202255772
0.12259143388754618
0.02240196868955735
0.11503683500983469
-0.0525633758318623
-0.016294243114861412
0.02835141318450185
-0.02431951456064313
-0.07907282610049322
0.016848493080941163
-0.04745457152585428
-0.07489667210950188
-0.04798317728778173
-0.017335570163867914
-0.012745698428093477
0.06807740766158787
-0.07163591303598917
0.020001772773342724
0.11157917873730533
-0.018168548847046856
-0.00887643740960109
0.06103067909983165
0.08953360504269109
-0.03876541877416528
0.10757984214813726
0.00860112727937648
0.01920578731842046
-0.010321490798359728
0.36232506271881143
0.1126029988738626
0.050003805091267284
0.11532365041637099
0.04983608833963016
-0.009935990055013721
-0.06456315537803445
-0.06513103956699871
-0.04676798230425422
-0.05694866295053287
-0.0475537892276163
-0.07782318211305483
-0.04869071065507802
-0.003802504678469709
-0.03579396730036216
0.11864828041545461
-0.019460803174327107
0.11708673973060296
0.1133110134681316
0.010880447461864784
0.11895909700573987
-0.07423554879484348
0.0372829450463141
-0.04576783692884545
-0.01475171169206857
0.0019288410571075276
-0.049079695005601165
-0.0038138557303284693
0.11326434190933538
-0.06620656015309552
0.08793841925829632
0.11191889274962524
-0.07651343595183527
-0.04059891599497634
-0.06731032201251441
0.10093969295229904
-0.002835124336555972
-0.07921625572032531
-0.034541598756210545
0.1145630254064045
-0.04613132590203542
-0.07151340959733057
-0.0741881590779026
0.09742530279316236
-0.010915406078799816
-0.0023696810974079274
-0.04772922485718728
0.00556424142201245
-0.06688863833647418
0.017404884307808177
0.10892169327241003
-0.0043984650980397055
0.0025973385951963968
-0.0687196764283638
0.0869269477376498
0.11174789027333426
-0.06231390583955124
0.00877865920922763
0.02023160394941853
0.01202398422063794
-0.022388833195086333
0.11312958032068016
-0.023533116363170126
-0.053635761948852154
0.11126026895777924
0.04273036206518818
0.018561250842296012
-0.018504570157430456
0.22681117189742445
0.03417443771900652
0.016206736413059808
-0.005284851957296999
0.119566851315348
-0.0784335074733351
-0.03600111807209527
-0.01898914601854132
0.31967781761108643
-0.01884757731653358
-0.07315561887905014
0.11172205036447436
-0.07503427439765914
-0.002866110593640614
-0.06810526560539294
0.028423403449488738
-0.00911118391603713
-0.006453478632956311
-0.07669508316317418
0.11233806356407472
-0.009216225185857407
0.10853692917873281
0.014540978455925502
0.09385603127641978
0.11099382449908896
0.15823401463273873
0.05757469936137807
0.05393524533539057
-0.045139703429441264
-0.03570374796454448
-0.051987244684913836
-0.013256321657556691
-0.07773869312500267
0.00752782551036954
0.030595130468747844
-0.05908777420134263
0.02047348096121393
0.03938484849461721
-0.06499825142491968
0.012549881850410977
-0.07606374609065068
-0.008496543707530058
0.03401656211454762
0.08318663141002008
-0.03435828443772099
0.12261964324621616
-0.057695221905763594
0.06806389984336128
-0.005181277247562038
-0.03323517115720592
0.01030653445143162
0.11852854355141268
-0.0789493555746166
0.06777263599475525
-0.013506496500741372
-0.01760862076493047
-0.07009211061511898
-0.010529722937374919
0.011288960831336514
-0.008357472632837981
-0.06910269641190084
-0.07433265032992488
0.12202099360178315
-0.0777668427447673
-0.007268985217420365
-0.0334276056235992
-0.07649963209556998
0.0021097939240003194
0.030780761226843895
-0.003833575786644894
0.016126736929771124
-0.07057055982180638
-0.07440907072670859
0.022296030658769006
-0.017558433295649184
0.0742153158939805
-0.017695535398520534
-0.013273355823390676
0.09755627286186791
-0.06979837542338277
0.11605739805965437
-0.04485533227142682
-0.07055870655030648
0.035682822273672254
-0.015237447526136594
0.04827081036520264
-0.0639166916979117
-0.04291035590173414
0.008897996251368112
0.005840385048938385
-0.07484961092377561
0.010897782845901705
-0.006556492544175591
0.002082084304254994
-0.07922604205441054
0.0026144512489724714
0.11749223863791591
-0.01267571772355458
0.12155239372465487
-0.00369899953908695
0.09121650814902188
0.05555024651957011
0.05328069045722922
-0.013026680686027164
0.0010093436535058564
0.11180671891942057
0.0559739526830976
-0.009006796322029664
-0.016011195781175103
-0.019660699112779484
-0.020663345562219104
0.09537315796493123
-0.06425961888612902
0.005565360901275324
-0.027284170943386643
-0.06212262107578352
-0.00026158957295085994
-0.05555645634409849
-0.0050852013225220205
-0.06197972592987641
0.02451475916477419
0.014452209912695357
0.002569401508111524
-0.06299360176461828
-0.03317669420936131
0.09648941430831487
-0.07367854857993177
0.055253312976000196
0.0530627600777418
