-0.49164447608490425
-0.26220004327700364
-0.03760091930557233
-0.334307438590168
0.024565321158393688
0.12657156935973388
-0.05490504587200587
-0.4454572198996848
0.07970583091488734
-0.26616148305660425
-0.16509989714968434
-0.20446205201821224
-0.018138309955623738
-0.49042219115241925
0.9403076812680139
-0.039303744746267105
-0.2563027850816323
-0.30830990284073356
-0.11561075524211475
0.13000143471148426
0.5856214200631741
0.1757108642010655
0.11348574280164633
0.16223890660263382
-0.4866589678953893
0.5068391242998024
0.04106909806756995
0.38653045783564155
-1.6736554318380836
0.374234255749046
0.2797627876946983
-0.09777363767963623
0.26293087423617945
-0.28488895108085044
-0.04449903786060397
-0.39026201205066025
-0.09103365405785749
0.24646152953383868
-0.6314719338863267
0.0784533766367069
-0.2991840150530084
0.08387388655816305
0.5489000340091114
-0.6246358897855083
-0.08180728792339878
0.5084386437628613
-0.4522386617340842
-0.13285914674587077
-0.5486632029805282
0.28975063600648954
-0.20887037926401977
0.13939968652941168
0.45832031571535803
0.5573698396153001
0.1773024469029437
-0.7204558362953474
0.6707943896191676
-0.0254828742997745
0.17670451357154313
0.1476098471037118
0.4083078052241117
-0.010027513982422326
0.16905218991481483
-0.08167793357991551
-0.06726858529600435
0.20678686752523454
0.038541362049460653
-0.03968588233535622
-0.5618412726458452
0.5998370837717225
0.25357182104914566
0.11129613128550239
-0.7361951094990017
-0.3796118032186472
-0.33433850725842695
0.0994691607515655
-0.897739919929489
0.11387922854775975
0.15198297894151355
0.3403774531130225
-0.08239008938730166
-0.04452174529626732
-0.0003156960732905445
-0.6677462376331612
-0.279599211086175
-0.5018077314038848
-0.4477416751038791
0.17692884968290165
-0.7653514844173269
-0.2194871755680893
-0.07013274392109362
0.17187202043164626
-0.5685340235583677
-0.1432392753680091
0.6551805787328547
-0.22938084093781344
0.015139449279594958
0.4365251521595287
0.29612136860307203
0.08474799268188668
-0.10578151007250583
0.3513746140821322
0.20142564806135307
-0.8344657379353538
0.4162020287481575
0.30019546316500245
0.4426069730688239
1.0375027205052247
0.08827228849875154
0.3135618613394119
0.40251484552476635
0.1136037393392427
-0.20680510926611553
-0.41915579139307046
0.09674452965282362
0.18647954441661305
-0.0033218196295091984
0.04226005128000096
0.5776206265353349
-0.4477176217746267
-0.47794665104220646
-0.3361271322571143
-0.47781313295313754
0.1104408288194266
0.5427579166774624
-0.6239822224670583
0.20785437627814982
0.4070016592289504
0.02603086692090803
-0.25522144421384974
0.21349905500186991
-0.15545221232592646
-0.12339791964244165
0.30976938493112594
-0.222819275506461
-0.38028810183166895
0.6199652611909091
0.24529067719413042
0.376182243738724
0.10474844495396915
0.24047531586858958
-0.5745776576280409
-0.5538265809232076
0.2356021262829243
-1.1805852860531334
0.07020596363328799
0.363701204463983
-0.4019224187253857
0.3437030140365961
-0.3335666497221851
0.46602512446447586
-0.023971883836827607
-0.3260251163052196
-0.1656341870815711
0.07557637134637005
0.5559376926239891
0.08642478211320145
-0.028121185118588438
-0.4075468521924396
0.1079868585106952
0.0032628837110021125
0.1989932916813638
-0.38982109148331234
0.3772619962559155
0.03220953200396978
-0.4025249484883634
-0.2442980911718803
0.2303592480992492
0.17129217133752447
0.5705004490191673
-0.22560737440758674
-0.10627616466729287
-0.6481287979821139
-0.2961663460279359
-0.35898255754023667
0.039427375436527606
-0.12149175260033998
-0.16704920302613893
0.08550363615758502
0.8874459300111017
-0.3056177705673869
-0.29494994771372374
0.3907337075866645
-0.23925733956722875
0.197411469066871
-0.42954157051438846
-0.12707897390813586
0.2632390600146689
-0.022253670280598575
-0.5011358793140491
-0.2650665550371588
0.16344342473357684
0.29832489768741477
-0.06507534242948357
0.025970190335160653
-1.0346513064950718
-0.02883475197833754
-0.7161976280202372
0.13961848197110246
-0.07213729026952134
0.372292812257491
0.32810561430420393
0.12905552038809817
0.32580710644872257
-0.28846553830883115
0.0469707262118316
-0.2072221312732753
0.20055025054335793
0.35882595925846383
0.02324930878572337
0.25125999854461323
0.1926882322445543
-0.8834246651320784
-0.5106161425608432
0.3924376691652407
-0.802362250446308
-1.6168294482640921
-1.3966175002546648
-0.305975510546172
-0.11948021678476098
-0.32686236664839574
0.07416272302448376
-0.6444682145433783
0.15723347356256276
0.43607090665859316
0.24090650940073907
0.5585718366354581
-0.2921047513343641
-1.2330027716426852
0.2792741847626058
-4.042997822923466
0.6634386637290738
-0.0084146209177626
0.3048904935064304
0.06909202239651488
-0.024053757301765483
-0.17963342667859675
-0.14529867556811418
0.14029892414769715
0.1996068022556697
0.16808670158055836
0.41646591271044253
0.1121733722740795
0.44791097953491
0.35795498790334934
0.047601042823667145
0.007267197979135082
-0.35520180884836916
0.19429993244237273
0.1968327608786918
0.3640737062352596
0.49526433667033365
0.08168578612545083
0.16232115882487194
-0.10799540791897347
0.7604957677310648
-0.06916537453760033
-1.4794486683845283
0.24446365048068883
0.13484646392593155
0.2920148252319349
0.057725363618748554
-0.5340260182206048
-0.13704826856067523
0.29716832440275864
-0.20613830867379548
-1.0378278305865893
0.21189945371489002
-0.017476232681513354
0.2635763486330568
-0.11269590015347478
0.2929980087071332
-0.5079661842789424
-0.5866916852892577
0.09829578217835308
-0.4245771615779116
-0.6535572100876855
-0.14826498489634635
0.07349108108379507
-0.2730958886215834
-0.1199931091137593
-0.11836413032222418
-1.3008054217940006
0.5619553906967344
-0.07292677587212762
0.1975816309235466
-0.27605130436789105
-0.687131142655644
-0.3560150099603877
0.5439207700133363
0.20754571142889996
0.28441875467756084
0.4454943968052373
0.4404227874893373
0.16739980239816651
0.0335888873694061
0.06775718182383059
-0.30769934729534787
0.17847952851121693
-0.07872463445578451
0.026759100039068423
-1.2631343217259592
0.2718264295930465
-0.47957150126004267
-0.13483010800031217
0.1682845724570395
-0.8328322121280837
0.343485726711945
-1.0130265864860175
-0.1158496278030309
-0.12052048785108607
0.16744208211918962
0.3452023394056877
-0.6936609817876119
0.432387143265499
-0.7161976503886155
-0.2831314454673265
0.154184374028382
-0.4946965483732887
-0.10215371281673793
0.10957141646528931
0.12349389287692478
0.2595932650093081
-1.0026415295592845
0.0075881233162299055
0.5096390740969788
0.045799598201173713
0.40456391667462877
0.05125923236918503
-0.21982176734854733
0.17765670181631563
0.11113313001716527
0.5969058338183811
-0.010739263729179133
-0.30674870272068266
-0.30468654149200447
1.155755844149803
-1.5145415277718333
-0.03743148379834374
-0.22740214028548814
-0.31916124123585765
-0.576599748238252
0.5903990941926974
0.47335493387332905
-0.2532134270047609
0.0026931219693416553
0.015062575051625865
0.1542508226496003
-0.07921811311456342
-0.6487059524744324
-0.1794745449044534
-0.22884300656216264
-0.2811763516339919
0.3791219814030852
-0.34396891803884244
-0.12518377131753625
-0.03226788409807693
-0.10401950698426479
-1.9119392164944249
-0.132702730276867
-0.09056661887566655
-0.04032457331260489
-0.48358748533988816
-0.016242962154679935
-0.3754917477102143
0.19535786698756671
0.3201209099587171
-0.5657119202806772
-0.16950697823808483
0.037695965684221816
0.19434645885426302
0.38312695376861516
-0.046708068305816225
-0.5705226364170762
0.40986423014654927
-0.20751197717105221
0.28207314378711923
0.02272081948951729
-0.8003037167750534
-0.08098003333863116
0.31821039750423064
-0.04921755647863604
-0.31093417269134116
-0.14904755195438427
0.16046186650578384
-0.06110645818667351
0.2948450847178604
-0.2729813848526369
0.546068056114717
-0.3666365149324896
0.07447269618791061
-0.42218342653940455
0.21157882575726603
-0.13574543283405652
0.058911147736524144
0.48850671853965333
0.01428508417725824
-0.03569671876136163
0.6655098490917425
0.16273360751554797
-0.11510081972926081
-0.2138112572303136
0.20832120616482772
-0.23742273830716246
-0.3153691107948301
-0.18432698151409435
0.26320288341637765
0.23636177204049122
-0.18011736741881315
-0.25111929888924445
0.19495186805994855
0.2862442796463728
-0.6791012002028335
0.01773439646566785
0.2681383772326523
-0.33065185947630604
0.7781128617134149
-0.2986596663357467
0.23548783052356867
-0.03574121957653978
0.7491578995069222
0.2667779413156285
-0.06753804175640746
-0.06793681911479013
0.21319516340565733
-0.12404727027502407
0.6827499714846855
0.3395124820660739
0.2588464234518174
0.11570894567055098
0.44933119189802573
0.012366204140775133
0.30608548096559896
-0.0083434757776856
-0.4272794092297362
-0.010260285075592984
0.02961974193978953
-0.03786588161120977
-0.055323593305062785
-0.8115361573143683
0.2924890829059469
-0.8960210266034728
-0.7944241391409367
0.17495947991058589
0.49929891012323735
0.42205799589292214
0.730874225009298
-0.2326227845013417
-0.10232506087916551
0.5402768258468914
-0.2292077912466394
0.29141946123898743
0.3976899230271972
0.02932966811573054
0.19881113221840838
0.09219382647531801
-0.022687618766810053
0.6975271219227089
0.3014819144553412
0.019497116772821593
-0.21652710149487256
-0.4016096354820594
-0.5735249895608096
-0.46565462899748444
0.2655565238560561
0.022210280425251833
-0.16482419236990722
0.3373635852900506
0.2820880693839044
0.020491062540166277
-0.0378834363764117
-0.2606713186623718
-0.11358841826996571
0.07294957067961291
0.19832154977529245
-0.017328258586833206
0.17132249199978453
-0.0692320307006499
0.1529554105489371
-0.9274736169508419
0.11047553916683714
-0.07078737660224368
0.2089409768915292
-0.4595373904165644
-0.9925236508048879
-0.8284622069482207
0.12305817856359144
-0.4651641981830962
-0.9993050484894889
0.2220780175206972
0.3161453600208898
0.7291672630591833
0.31454067974648325
-1.0714065483681572
-1.936996325538582
0.17584504464677728
0.19421389316733925
0.09395248852319335
-0.3739185672763602
-0.6445918216711618
-0.08861341955949378
-0.30368056860749737
-0.6007098146874948
-0.21835982942735335
-0.3323995530759193
-0.11032592168483893
-0.40874707688045697
-0.7608751046098664
0.870794584677293
-0.34676653733511864
-0.10347415016688846
-0.6032120798366453
0.04151145778031182
-0.08997413355413322
0.0946944408388962
0.285968587062731
-0.10139721071647481
0.02828541877024246
0.157104930799537
0.2420040200457839
-0.25529807017292006
0.32378131620587924
0.2981813319951604
0.4250608081629693
-0.0877395238651765
-0.23007002425165526
-0.31465494866435184
-0.13325624773693825
0.3091997961444545
-0.7892196531725219
-0.10275517349632271
0.4426758808353396
-0.2291770905262304
-0.6747791579869554
-0.4507677427821356
-0.009758523336840158
0.5224703995672307
0.09629031010799735
-0.5116026961922232
0.13408997054372404
-0.031326780061505494
-0.07354156679908677
-0.6388093263912585
0.23359747514579574
-0.08982825190612367
0.21409922412557245
-0.11372053602301904
0.059743078708645564
0.12271108851570886
-0.24765529871786454
-1.0154074116070295
0.43232523152596525
0.1585195649582621
0.27162907641281164
0.8045511796271599
0.08633624184450603
-0.09571650566084103
0.7691224077332862
0.1302001608355857
-0.1246528280894438
-0.4227544067962995
0.10018727641683131
0.03972875317233501
0.49900227126377195
0.495307682755152
-0.1355316188443826
0.36209864732123764
-0.23198958697326014
-0.027601017507889486
-0.037643026267795504
-0.6596481337719288
-0.013461599639390448
-0.020774887423606364
0.2977827178260487
-0.7298767696417897
0.3904935944417286
-0.5404955339265601
0.4384751510120918
-0.10653388313668302
-0.09479644856540617
-0.2296650477065371
1.2897852574200095
0.0336630881626295
-0.0781964171662092
-0.22849912024249389
-0.6512345152627231
0.04900281136134263
-0.10948378437286835
-0.5139654213164387
0.2697346963697772
0.646754505526253
0.14178781596536724
0.3469534785668694
-0.09051178801149842
0.05907321935619922
0.26021183160573325
0.8707584896502075
-0.23027951916118586
-0.3669547755663375
-0.0376390198875928
-0.26221686099144426
0.23320282386871102
0.2531989166962384
-0.43115469149108854
0.2545683232992101
0.17070661039868149
0.04124290693164276
-0.24906141442796362
0.5343489750548761
0.002988787672415144
-0.3370767316725217
0.2720036966737288
-0.2867355591113213
-0.22207308571549814
-1.1208663731645143
0.3480942200506224
-0.09880894229444906
-0.15005376149477226
0.18427262742361314
-0.6676869416210324
0.03250332141761589
-3.834389934212894
-0.7883109652115884
-0.223418165021695
-0.08789203948632221
0.03743867865025016
-0.22197754121010763
0.055502252318648
0.33653469381850665
0.1939672584510955
-0.4741609245049262
-0.03619713843795572
-0.15752325470251574
0.31637507670745946
-0.48729589319851907
0.21290827775046547
0.2764919945654679
0.1600627697387816
-1.1285638465577148
-1.6171663284880258
-2.5496182412831323
-0.26227804402885935
0.6019322372428878
-0.3473783376949523
-0.2912121084010767
0.6082560098898507
0.5721822781482718
0.1440603771594194
-0.6463249468465516
-0.5205579225559201
0.07022360919627121
0.1124907823792217
0.41750385796718315
-0.1836322537386831
-0.43586255855718614
-0.2623456238115235
-0.10981441120765148
0.13515925886339394
-0.2544095330820365
-0.14293005358279523
0.5627779951899005
0.022472907992389407
0.0800930221219259
0.27388866470437423
0.05276907374578474
0.49023757770670573
0.33967795298239134
-0.5481803623457403
0.31204621759781814
0.010071541696541425
0.030011141344892772
0.004571114825120487
-0.6411752297110237
0.27049030920660366
-0.23876659747098863
-1.6787377183949919
-0.0306452904110536
-0.006767232996850586
-0.04795654784606987
0.49221447162593146
0.15967137141670604
0.6757715630049056
0.2919367792507531
0.1637217116188406
0.030150077994874985
-0.6190677192751893
0.298700058521583
0.31888638315676554
0.052683515413837506
-0.07990919933299648
-0.09225912458733801
0.15570430873094318
-0.13719629025719407
-0.3072952502064562
-0.4988044634454173
-0.16205825575421998
-0.15407050620084686
0.16397609554325285
0.3436682482414569
0.7014184858159985
0.3896634763759762
-0.4145225683266317
-0.048916856228501976
-0.14309297621369357
0.9170247097894905
-0.40913080919002576
0.13624255636919677
0.12006383439116738
-1.0042553983199682
0.4770765912780802
0.30250494755814084
0.17157083984754848
0.285083538744901
0.6658082291491315
0.6333060133287566
0.49727692777537646
0.11591347785142822
0.4808063666510828
-0.14948739502471967
-0.1982567366491549
0.5716902060809655
-0.0666731098055923
-0.32146506007757647
0.09827861336688634
-0.8984784932318778
0.15515192790952623
-0.27870591807479295
0.4536211024801805
0.22907369650188478
0.15644712263156854
0.03561890541700005
-0.06530289115321289
0.24773974423952536
-0.35804595710468534
-0.013152757026506118
-0.8306399871091225
-0.002149593084983442
0.18430244543376947
-0.3511900795120345
-0.23922488701662595
0.10539709526526905
-0.05190882460154625
0.08206693369261195
-0.16175317913050238
0.3271224389767001
-0.10425196574135245
0.2835710018463683
-0.15005902487115766
0.2656854090382069
-0.11025253223042145
-0.23801308347614417
0.23070560528973036
0.13828918585678904
-0.4421570859153333
0.16139610672980761
-0.34978409969998336
-0.02065852109979263
1.0101920501279786
0.3433469081232531
-0.6048340353404565
0.42282736243216856
0.2000532793694517
-0.04041928189218283
-0.3846412700019147
0.4172267464856564
0.24298550047503173
-0.37822276725247617
-0.011411381270692328
-0.5540924542506648
-0.10362409846271028
-0.2765834913109567
-0.42077595447183425
0.45606235684253316
-0.061197156408708514
0.1792500868730663
0.32672381931601147
-0.659604390217876
0.11447012832996925
0.06704404414704399
0.12300862137902477
0.020802001416208776
-0.23674911499851561
0.35005418567388136
0.8822115985457405
0.4767992922964964
0.07016858033641657
-0.07866323428944391
0.0060076455714522525
-0.15680371616234492
-0.02225972317823191
0.17897701386319795
0.62601942780034
0.13935093898560388
0.039037877737801624
-0.05562271751290862
-0.038388814070751925
-0.6542301440797481
0.2120552335736333
0.04314520043807643
0.8927265925543374
0.23482995703333884
0.37486676796537177
-0.18735477682280247
-0.11760906755183989
0.3739276550159777
-0.4523344326322526
-0.5098923080495504
-0.41837282971117984
-0.3057406270479607
0.07650202969972283
-2.359914425595429
-0.09773569423548381
-0.06578079804777862
-0.16203844334499742
-0.2195991773408771
0.18096911861975293
-0.34284858492959136
-0.006556874153510611
0.16481709287398658
-0.23586837675245179
-0.31507248678594857
0.07895540207998017
-0.19821074825073018
0.11147847190645219
-0.29758159623592595
-0.2695570289884074
0.5112335458614751
0.01622580956112482
0.22904458109412537
0.10437770251909448
-0.13159099585197956
-0.3151857076893071
0.43212977786729356
-0.7998923587774719
-0.02454653135020593
-0.38760093664682793
-0.03254430720330018
-0.4018502125120963
-0.00905808136965583
-0.6191062405204203
-0.17263041766058543
0.055376845633433674
0.8107876508170545
0.15066684420792384
-0.16238367766582176
0.3140125385034723
-1.1636789970323878
-0.04572346830738053
0.19066845489784487
0.5718810318152122
-0.15574724497820727
0.3810116733713672
0.48362681785586636
-0.5671300139397987
-0.4517981352780408
0.07384563683772724
0.2787828878067239
0.09302110856887999
-1.0130289051480799
0.11174198819973533
0.32465856301219287
0.29752782907640063
0.1443577352236783
0.3274572285861107
-0.25037246624709775
-0.08674869056665138
-0.26023559088930026
0.039744976311832575
-0.06770489393502324
-0.10997165195384154
0.08679407259127067
0.3213422574405126
-0.19613730002068444
0.15650773758181166
-0.20133721199682278
0.019462280293666007
0.1051270825167486
0.282550663139682
-0.10402663081830746
0.11099148086751107
-0.003039662318439801
-0.1376842912104869
-0.35278971672732273
0.2985500650714693
-0.17095070597278764
-0.12119321940827846
0.21847412113785056
0.18015383137104343
-0.04740540424100495
0.5229300881762026
0.1609918809480316
-0.023553248094577844
0.08554351234131072
-0.48860168240032953
0.07687330385640365
0.40485914716003857
0.21096800371417465
-0.3181306333718993
-0.18769104551059793
0.22196253963359389
0.1847074835457093
-0.28657131635942823
0.29616740181340406
0.5813423160590802
-0.1374734145573692
-0.07652232355231839
-0.45206661500197975
0.2697423439970269
0.320878890975267
0.35099265170937477
0.1378506115483674
0.12858446396477516
-0.1845764444910646
0.15398900412872826
-0.3906829197445302
-0.029616112559782165
0.6865969063202325
0.07360730808383983
0.0475825629781049
0.23205924461786473
-0.5032436968997372
-0.6458808312894638
0.5442203674866658
0.5686855563154675
-0.21910707714602165
-0.4509406262422052
0.30384510275399956
0.04400593740492517
-0.35405244923660495
0.36425434209403884
-0.31281936864804505
0.1598286971432273
-0.02778220268143486
0.31390972235310477
0.17215833367683828
-0.5776856512925018
0.7322664092521173
0.20275122221162575
-0.14084607170290644
-0.36531425882564894
0.031150924609699787
0.28418197845444315
0.3315966036593091
-0.1150113285349125
-0.11076363861183794
0.014081701164363997
0.37533879860347474
-0.0006756223067471423
0.5113453271945764
-0.41577916693976247
0.026699263273875923
0.09132938518525666
0.5196118951930458
-0.13891416745819055
-0.27079924934902555
-0.15056362106359736
0.07109197011079402
-0.6075139426627522
0.2718308794616956
0.27645781720227414
-0.18649974206762146
-0.1386041039644387
-0.1989555240916813
0.04161629938801922
0.06535101973762866
-0.029758354658289937
0.1614446004705675
0.3052132512329765
-1.8609499073775528
0.35891723141058585
0.5060952729287586
0.22169211347908976
0.030005273461997634
-0.3275206841278674
-0.17902723389030753
0.04437427971383698
0.21947721867383016
0.24603488048833552
0.27498640087297377
-0.2406604319503888
-0.003513087187493019
0.07141565819967974
0.43214769135345643
-0.3366283784516989
-1.2365787003028443
0.04357185632818314
-0.09404939110550084
0.13796025024153344
0.2808886149942419
0.32023113225522193
-0.01704608816507172
0.6172208932748179
0.31600584057613557
-0.2005779795548616
-0.04110875125801963
0.34326963237648933
-0.01129152319595575
-0.1990562980545433
0.07007058964320087
0.19795188907687375
