-0.024466285905970987
0.29899040954121614
-0.5095050763408053
0.3255402722666776
0.03792571317577688
-0.9245960024330662
0.34682401083378234
0.01916092043865115
0.5497252384185176
-0.14983340936205924
0.12146023247331363
0.10041321094510659
-0.8025943190823976
0.7021420747669314
1.120106186508876
-0.07581799679951894
-0.22976909403498236
-0.6200584931216244
-0.23100520863726604
0.9329620780150372
0.31337532818050673
-0.49550382787229696
0.3325081308405571
-0.09761663458146395
-0.10590454505580181
0.15058726378645848
-0.011475162306274756
-0.08778757448353745
0.08442665291403119
0.6416812962572218
0.4814429137310785
0.14046519547293213
0.015135029784303655
-0.4024789890518512
-0.5085764657846477
-0.608920534539912
-0.7674350073031009
0.6553619650787372
0.05604841385814764
0.42761969521702725
0.03878515773833803
-0.0320059210309782
-0.19630719108305672
0.4058263859229021
-0.5224774299432802
-0.6844593442179165
-0.18114790592016639
0.10295348710487608
-0.21565843459332146
-0.4109913022617888
-0.829132680490148
0.08841368185503408
0.960675356069393
0.6792543304596399
0.3743248783029902
0.11226560472137616
-0.04946657348026905
-0.11356046272701102
0.26072823595385697
0.4621831962760543
-0.3797070367831161
-0.5607324301592713
-0.2678825151438724
0.468290348315475
-0.5439504354238756
0.032959604493920894
-0.8172960558417699
-0.1046307102661752
0.574399587183003
-0.26902158540950327
-1.1423256477031163
0.3579244940657562
0.13445972789264515
-0.8956241022231264
-0.14060671356246845
0.035589981197803114
-0.09632781349276763
0.7002418360423743
0.30354987482236084
0.016029232823495453
-0.23832438397491873
0.1468936845637192
-0.018837636161499905
-0.4041917016990124
-0.04757699673936665
-0.26124092594821025
0.050238949517388734
-0.22760932979983384
0.14003423058125253
0.02951363181126455
-0.40138534380809054
-0.3765860022320957
0.25446271024898004
0.6044441951095554
0.7516694903552328
0.763088780186056
0.01192802298459551
0.3308342620450173
0.3925191679625766
0.28366844508484745
-0.25235975119775556
0.26455299733368354
0.11978284101743354
0.10357602520610888
0.22531923271881582
-0.5891330127869001
-0.1210291523929825
0.1598531286322722
0.2736086118152403
-1.5985624334931208
0.19162630410811698
-0.04369062965898628
-0.36746825725800103
0.5154345846813857
1.2136391794927504
0.21787058338214327
0.509803144481886
0.19294846866173931
-0.330870475265274
0.11941204361847847
-0.7748583430854168
-0.5971632086109027
-0.07937271504720665
0.45210031266012884
-0.0006828880832860824
0.5921541343747356
-0.21050351092863884
0.13853503227323194
-0.1958331404517455
0.4022483753186943
-0.15802276787471725
-1.8247856474460333
-0.11776765575786761
0.12719145474478122
0.23647625863932142
-0.6239999622035943
0.14342334890938635
0.4296494638027206
0.17310466781074685
0.07034849414312318
0.4770597803926313
-0.04073582135482366
0.32822230107974026
-0.7787809198293629
0.27250068262803073
-0.03274246980869909
-0.16948758615860116
-0.23374701241364426
-0.19284325752155929
1.1116266567111135
0.43852612832386373
0.07338565879272065
1.148804942046069
-0.2170188471986385
0.3199818744012515
-0.12160335853779956
0.516902951272113
0.31346865958719605
-0.9835649558362121
0.09399350355897985
-0.052398238368376523
-0.01523692637545503
0.3139820098016106
0.22412776603540618
-0.15542711019989386
-0.6722150638300135
-0.4373551020723523
-0.31130563918857734
-0.3619296603460407
0.2171724308773879
0.6109638210556831
-0.49830232833498456
-0.08217429867694002
-0.19527460079738712
0.6027001253349862
-0.016115713161652268
-0.23181232929609652
-0.3947836369041491
0.3881715140134727
-0.38286794970057736
0.08941364742451731
0.16347694186599537
0.028639760476574027
-0.016849348098546758
0.516225250795926
-0.4839950557054957
0.2554627116741861
0.08814038143980453
0.3333533478484505
-0.0008197645874250432
-0.2834555067103568
0.1161705784742393
0.0808774545942479
-0.07253360869851887
-0.07352183753029416
0.2417173005880351
0.13156667078820772
0.0004276136695680159
-0.045300479197869545
0.14973132485092544
0.2353401517896867
-0.4176054008458212
0.9529873683596801
-0.5038639981227175
-0.09451305130601705
0.2117885427655104
0.6849657529785633
0.10120496935943392
0.36593031055207104
-0.3759819776220954
0.5630490721795927
0.025035511622085293
-0.3789728671791177
-0.05878019994217658
-0.21149493317108425
0.3415239907576393
-0.6255014361138691
0.20523165951806877
-0.1631473223210882
0.05636253799395809
0.13290468689128
-0.009979386858193651
-0.3624138053384738
0.584024238927561
0.22089328744543413
-0.4746391909370675
-0.059173888789351356
-0.0004106503786835865
0.15481131607810794
0.2704432850142606
-0.017372756504671506
0.22142750654409138
-0.14543425224070172
-0.6611862733514167
0.15369951624470168
-0.11970644683364128
-0.6606499006321378
0.01787281282126797
0.6132992179486718
-0.4935616156487479
0.04326959581921021
0.07219422294210733
-0.19329677553471325
0.13849639498068655
0.14137424053888137
0.06102390611343923
-0.723238057300313
0.1897889418107248
0.1932482459698932
0.3435967184965947
0.26791594085297943
0.42241721018270995
-0.014558324278011837
-0.10245055457029804
0.06826462706645421
0.3938448839705677
-0.09216396574206763
0.18360101248033378
-0.3392789786627668
-0.14893209356434922
0.20392284791679605
-0.07746809062301517
-0.328812065852496
-0.21112308484237619
-0.4083265469145896
-0.44827608891814186
0.18890048433610684
-0.02418069052249926
0.0280290062391242
0.27667806114193927
-0.35056576844011444
0.214733526927547
0.2670959107798516
-0.20459763690319277
0.03477983567029354
-1.0285374150531268
0.2850793144374706
0.05925441063889571
0.26092854286062317
-0.7921661937506774
0.23146131485277066
0.09584103564476122
0.23092023368057224
0.1812438891057353
0.31814184945626534
-0.4458115358595818
-0.2157528089715519
0.2314141153567555
-0.1686375665318518
0.5017322760342748
-0.463507107240696
-0.2882669179121373
-0.3425502294304843
0.468217100890729
-0.4739751786068609
-0.4045582947228883
0.0445403745674018
-0.04636580109831477
0.12911801925327215
-0.5735417079827714
0.4247326917704364
0.2111392645636585
-1.2387042602193332
-0.7089813490898729
0.012022609104609627
-0.10757851461369027
-0.43329698587561816
0.14493259843032047
0.09292173764226709
0.15501745250416854
0.00032942046201901373
0.2968409692177578
0.14306159699768028
0.006544285495992962
-0.18292250044496172
0.3248642669833426
0.15381084606548368
0.2086270397314547
-0.5516086544366272
0.1807710083056071
-0.4902637254001574
0.21646364669817264
-0.04837126795130396
-0.07742317099484429
0.2690298702761853
-0.5559145059427635
0.21998387631164928
0.34678933654160926
-0.396927604358728
0.06007416937031286
-0.0903522693881784
-0.31866550291932483
-0.25441370708294087
0.7006022216807246
0.052728227110691486
-0.06349209721189174
-0.6820798621591686
0.3071177766041242
-0.03597948042989495
-0.2718470296859452
-0.2899376126929043
0.3044785346992891
-0.13194150841866548
0.19869178017681688
-0.6264300134763026
0.2594343754990034
-0.08896211404768926
-0.178828500741244
-0.2258014651136513
0.005196356261489631
-0.12645812916649946
-0.8614153526120425
-0.27701202793180113
0.09820088710811815
0.2901569890386899
0.543775327788143
0.4216249712508262
0.118258272265104
-0.08975068142764607
0.05605071209181413
-0.20546779638756774
0.015560173636963059
-0.7986907747003646
0.07193670016254684
0.9951166497290764
-0.0667345994474917
0.4541067932670544
-0.058867511498558164
0.19444145352610964
0.1408117259334436
0.33572692607409427
0.3103219380464648
-0.2873118746618928
0.09985986222364508
-0.057853065344033214
0.24582858227366233
0.5460438163717776
-0.6480648351674787
0.06382068675269827
-0.14866735973353484
0.30148933027844227
0.4071834629738802
-0.43919776251871556
-0.3762104084941231
-0.01769693715783881
-0.24989323140047826
0.22823622665896504
-0.039621631580048375
-0.2118956184647629
-0.12494059110885168
0.32522944663287423
0.18144084868981225
-0.06957966170379958
0.021678688004760593
0.17750655143373195
0.1272816863574484
0.0952241243444434
0.16563821106531162
0.24638103043750115
-0.06968148273215789
-0.37561654990489113
0.2162155669321162
0.1188860763508164
0.49396901111655045
-0.22311723458319022
0.4201504907879745
0.24358114226368444
-0.39494032090739917
-0.3748777781954391
-0.32797813766748485
0.17860066058982693
-0.08388505824577373
-0.05940124332118911
-0.21997877136144894
0.047176600676139616
0.16134406302066417
-0.14691334408417656
-0.20197097029913325
0.4276882254215508
0.28004850769781986
-0.09841308590632046
0.40980436038368606
0.06749018540124153
0.11283856687125239
0.9579874632229217
-0.5944630971271374
-0.11733399257880327
-0.04885854299318447
0.3661202493189821
-0.25667741472112193
-0.12401060977850141
-0.3843866905785791
-0.07670617527508504
-0.2955621928198562
0.32552819938398625
-0.34446552721248813
0.9141656368496263
0.07674468961897964
-0.24032520483345077
0.28900437338614005
0.3510942509367798
-0.21125326646811504
0.09006084664290383
0.0749080405051117
0.11869446515555217
-0.2663381249116916
0.27020253029445374
0.7273429415648025
0.0899701713643888
0.156976725331764
-0.12056490332828028
-0.1057030753513508
-0.2212869680603602
-0.4489114467146673
0.5025282943948854
0.18659031606909893
0.012741583148495172
0.4323912479629908
-0.11739372262971658
0.694994840263863
-0.738897332970309
0.08924786791402829
0.10067971100333241
-0.14742129177387198
0.21396932796200258
-0.4923106127299375
0.11548471621403446
-0.05236422118354399
1.5088752871501587
0.5453514186188972
-0.03563838941446716
0.2546745255118765
0.19905160476334793
0.12384806185989407
-0.13428731790880089
-0.1323715931080509
-0.028944828788530098
-0.3718607336558415
0.27096103223414425
-0.19028554081503257
-0.05189808670173977
-0.07447454201751723
0.046091183537604566
0.24861067284080307
0.0687789728327053
1.234498348923324
0.05600399585855988
-0.08557105748137304
0.21692176258907492
0.4308417852542237
0.2832219656364716
0.22889207569406111
-0.278569838315468
0.11508739524392665
-0.11370959913436483
-1.002844116118912
-0.2963199390597453
0.12934519471517558
0.8673299506585217
0.08447739203496353
0.02657213482859545
-0.18045109464837927
-0.14155044884640078
0.48397436421144335
-0.1027382381746502
0.11389805978468039
-0.23502623408504308
-1.2145950628350757
-0.8544411777396086
0.3325588017264829
0.49534338454191773
-0.2715251266356924
0.0673978897159302
0.406571583155656
0.016690736135110084
0.7336884507276349
0.1394843084088635
-0.9864023900907843
-0.09339380936179363
-0.31903629216261975
-0.14211949194644524
-0.020081236053954832
0.42285816050268044
0.2190977983546072
-0.20925090961638504
-0.46584965686447855
0.02041501527198598
0.17815941818590564
0.49400717954813866
0.11933984963731538
-0.0243148343068904
0.15953542888338323
-0.19157725894030908
-0.24227635984393459
0.42476860124857785
-0.10064453074640788
0.2685082659464586
-0.4511145933221552
-0.6954067070868655
-0.2177818333440953
-0.09115317169834534
-0.13651571754594438
-0.33891872431809067
0.581579443858619
-0.037973935065621175
0.16455459781353032
-0.7288066365193104
0.026189635416846945
0.11121451286413044
0.06427348364660747
0.7865203591131655
-0.615307263563128
-0.5386141494072649
0.43485258721547404
-0.061839176008395155
0.21073163804893835
-0.11731141740195626
0.6781080647157947
-0.06327583309918493
0.13713273406464266
0.3016823413626135
0.02234482135573913
-0.1084888788058238
-0.17177750811032322
0.0035037399436921406
0.4279479933404986
0.6478830015484578
0.04845207131783914
-0.10848320991106751
0.16344369546555204
-0.4074771639979964
-0.19186196630224894
-0.11686068987126562
0.388606368306631
0.025979359909262156
0.34461812891930355
-0.20458866259770736
-0.12476408829571438
-0.5076240992147578
-0.413922083952899
-0.178004516615897
-0.1480663825011781
0.09560921056404338
-0.09640134689444467
-0.36572946550392404
-0.08366008642339183
-0.43994714225825393
0.1343221482405259
-0.09516225158383772
0.041778346865119845
0.22242372765945162
-0.365664560925967
-0.13186905376066949
-0.615755221170631
-0.6515907768746956
0.270905997688222
0.5545682320546625
-0.4887711145977425
-0.8415598152098516
-0.1390013698650654
-0.09811669501323793
0.726060497106553
0.043897971754259815
-0.6634229030989676
0.406820951445128
-0.07965435963883037
-0.45655926453135187
0.09601031833518393
0.00639108103233289
-0.26508210233340734
0.3366517813590011
0.29928358862210236
-0.377246906768234
-0.1732981012171555
-0.939910377512853
-0.6196224005592204
0.17032180190631263
0.18317612498097202
-0.13997800931750404
0.12447343179682614
0.44319762101316296
1.9633807836720625
0.6792702084966395
-0.29641544986749735
-0.9263508541787502
0.21344382112350613
-0.017541723817312106
0.01135116145095939
-0.34048443462824163
0.3116180059716964
0.8092167079777293
-0.33632123640173295
-0.9972337803692681
-0.19757667276476654
-0.1778012608276447
0.27415368351068925
-0.0471337440996986
0.10696308414884138
-0.4318365359395382
-0.4647439560504336
-0.03655451847367551
0.37438421881894546
-0.5080549449432492
0.8086768655039773
0.11040650393204944
-0.39075940644756657
-0.16368614428955008
-0.19004814682775173
0.2665867603463188
0.2101531218549455
0.010912982206301668
0.298209623065965
0.16720455457319017
0.11672627451839214
-0.12097465882254597
-1.603480815446414
-0.07468977624937499
-0.015939146720651765
0.5783950058596858
0.7310395615318797
-0.12042200743146368
0.4571714049968165
-0.6760201299245974
0.17395404167252182
0.16070064524979633
0.13746650546549
0.24764970380006335
-0.16559779018636678
-0.0815432119301087
-0.0213310268817135
-0.5814359294889317
0.0006759681822589118
0.4920231818988301
-0.044251053714583696
0.011862294953507001
-1.31407567520315
-0.024551874545024378
-0.241166094794671
0.10636315426561739
-0.1130159049359196
0.5721747973700302
-0.2714265052507494
0.09653050989286106
-0.3712613240123843
-0.0621374649669023
0.41912304661079536
0.4588183463000395
0.5368306131975753
-0.23516856105298323
-0.15464277196186127
0.48014984433524455
0.5528852605725121
-0.6696316158355626
0.04640681509320756
-0.032007983299776596
-0.05759261360149347
-0.0004346357505411354
0.4164973264920768
0.20695177958270805
0.24068056544443395
0.5497635346773964
-0.16088653371718986
0.10627560271431526
-0.3556600686667373
0.5583153383630688
-0.2992585322116781
0.5488151394858605
-0.028796055515128084
-0.6288563097802207
0.17550666147344107
0.07248365013739756
-0.21563214805996522
0.005955294455002102
-0.03586657978808171
0.19357915630612355
0.4484147984893412
0.13418424644414584
0.1932251716258071
-0.6959997982786694
0.5758494265756073
0.16617778479542522
-0.08156647182803266
0.02489668553776282
0.7994481887128846
0.3474187929795909
-0.09229539102345684
1.1367817835223282
0.4451388495385642
-0.26376952391157693
-0.20381052044823256
0.2944811879798028
-0.8982421443620197
0.07492344917867234
-0.4569601152114504
-0.09083681947737408
0.5103626704445061
0.46406210783120305
0.45062581929814505
0.12054469425902804
-0.3663122967218022
0.23525051471932845
0.07689408920333142
0.46082931803123395
-0.30439424030179363
0.4396896465114202
-0.3153001842979648
-0.7361966526125847
0.004626103481352627
0.3411994488422734
-0.904771591575084
0.17896444890995888
-0.06557013526715381
-0.5521395744339725
-0.45006148801498624
-0.042313942697817394
-0.07386835740197227
-0.6828707770715052
-0.11738688738037494
0.385311933741175
0.3008858193454065
-0.09132274429619323
-0.027098378555751024
0.2399757327734291
-0.049549170166952025
-0.2578118803375229
-0.5541170255272145
0.3236239594744226
0.26051766909781127
-0.24739742143219856
-0.28743036454841664
0.2358514975774082
-0.3324449331750763
-0.3562408198495436
0.2372491614666059
0.3468029845086511
0.3829364809440847
0.10524732101718405
0.061433873510246664
0.8350781293056937
-0.07792846258559714
0.7041369193425251
-0.13086768806650784
0.12646939237772625
0.32676060182356825
0.0493008806410027
0.10854903825041064
0.2171368965368432
-0.3570826313565918
-0.7030283775874648
-0.16723434236791035
-0.2724857747132472
-0.3348673653488301
-1.5377367534352702
0.3773969913531048
-0.4461284159339647
-0.665762455153666
-0.18799510833292854
-0.031012137689563114
-0.14309125364044806
-0.352450663993072
0.34183061633045697
0.22921704878296079
0.13234564472535593
0.20883056935239108
0.659971797919152
-1.0697762086475684
0.09923422000965655
-0.336757403301682
0.2880234441625398
-0.29422474303270785
-0.394325672194235
-0.14345182143856205
-0.601907163639426
0.13978020838928107
0.061754824834670666
0.09834026038301437
0.34676999612026926
0.23430634249996207
1.5837530408340446
0.22966217064241623
0.09292735385764696
-0.4184365903841323
0.1374103374379093
0.41905517242449064
0.12345479458511723
0.3349750047192154
-0.27642747121456046
-0.20890519096229965
0.5393861467337151
0.3930879464295274
-0.11850901087250308
0.19043525973630326
0.6399858979006041
0.7987332417002551
0.1336071850463434
0.09681552614529322
0.069204000955579
-0.23644796035384963
-0.12720097281898357
0.1599026593102597
-0.07906703502858935
-0.03726020628192005
0.12199664285771773
-0.13908603413446863
-0.6413440784689814
-0.3500070293254758
0.4401396417475094
0.24917212753281226
-0.6881444579137816
0.12391801463018905
-0.002764990572155613
-0.43291404495775043
-0.8649435441067748
-1.5905858163305908
0.05537749107891245
-0.4376213380651073
-0.3034814313373444
-0.08796155228796308
-0.16332778744958687
-0.0957486958621294
0.06178648467386806
0.10960395622048337
0.0873164313908641
0.09742588416670396
0.41761030661355236
0.14942502607922248
-0.1365256273818194
0.12535873698825672
0.5113672119486099
-0.34563603246464214
-0.5236838655060365
-0.24004399078705974
0.23858768491566917
0.14649508041519632
0.15157324935291272
-0.27936121917755474
-0.4601929184998499
0.22428170966900773
0.11535720523489991
0.12933482927636786
-0.6893112037874587
-0.2233934311733854
-0.2142915625130415
0.3806867395147411
-0.023625627275214656
0.008475062870753513
-0.12253391980661531
0.014121108290378947
0.30953013287741205
-0.22542653213306152
-0.41849570583460394
-0.30665478113416644
-0.4076592387670013
0.23480344062638392
-0.6260671176343091
-0.7675051686534198
-0.24490088257702847
-1.022294623883394
-0.12893224205345644
-0.47043313734548753
-0.09524807152495927
-0.07872442518221699
-0.27703421119778926
-0.8657964381679875
-0.030484148677601953
-0.007340576215010709
-0.5077952304278586
0.09484568836073427
0.43139924734044155
-1.5408398946440218
-0.020509661919530176
-0.23295735681943341
0.032317557264126565
0.10450731172034079
0.6906339349726116
-0.10207886853781444
0.21630237708910216
-1.6153605204361778
0.48641437976516055
0.12492294810018591
0.10596119366719116
-0.21115789602201462
0.4077870129921577
-0.11009281662330105
0.00880172638521982
-0.017432267643411537
-0.033305961085716915
0.4545560512093598
-0.10713308220448402
0.27188025322761056
-0.4332172027635186
0.009379154799344269
0.03348269216719914
-0.4656937558020029
0.3216032092071448
0.6521512264983509
-0.7207563364565859
-0.10183915924986196
-0.074432685818264
0.5707771267032709
-0.3147803568494909
0.16792853899782334
-0.7343085335287405
-0.044962760309245495
-0.12857507152272185
-0.0219473199194684
-0.3695122208373749
-0.11865662222670069
0.36357335070072705
0.2896901841350268
-0.37192707166749406
-0.16743571295417659
-0.2819203598876807
-0.22894904041124398
-0.19158317718456663
-0.21001654111993662
0.02044654716623674
-0.30780197019004674
0.10816578967071445
0.2720464674759653
-0.06642975624038681
0.2114269261714754
0.3357731939864934
-0.26409678926960933
-0.05544412762751681
-0.38574285428333854
0.27318626786049305
0.09925657683909007
-1.4320960817444277
-0.051951525083486536
-0.20292036097036337
1.1535000205314667
0.2930292977578397
-0.019758172827316168
-0.5611802100380043
0.45570803742925325
0.08892982404983242
0.15835314404395406
0.2546342919796496
0.32255042137227496
-0.4910824170837562
-1.4065432636464383
0.13046242242341521
-0.11986136127124579
0.12080856081999093
-0.0838423033629183
-0.1512991011721514
0.3937522644637472
0.5903010199506389
-0.8195705080993555
0.0538918582219481
0.3852445000808393
0.2076421213698454
0.1948516152863864
0.12182935072148672
-0.4390894317341807
0.7640794175474082
0.3453164163654219
0.531398329618342
-0.28226788146690907
