-0.25197555916891634
0.0782728269380675
-0.12649734235263296
0.21656664600859224
-0.20241480315814228
-0.7605704147584755
-0.2291598653429525
-0.4224117468511488
0.5411906918582265
0.028453608771183553
0.16203124908026914
0.24732056236905067
-0.2862512700256499
0.630014723544893
0.648428974360741
-0.15963460691722317
-0.4174547399491453
-0.2114067078445707
-0.1133151487378474
0.5329214825230557
0.09513236624339563
-0.8831927309169658
0.23743282523942225
0.18481815204164279
-0.031014973432797327
0.12884015345177427
-0.936800871757923
0.08958463793183372
0.056919948543691784
0.4092872488274035
0.4365452635616198
0.12184902781619392
0.1622102099847608
-0.24913441702187408
-0.42811141232284533
-0.804663270356222
-0.6812210226309392
0.2165594493790324
0.19607662488172609
-0.18701912091657966
0.0418424817774983
0.317114041296766
0.2310982719816255
0.7182996592057331
-1.1125267080680845
-0.25729298838975145
0.5962104469602116
0.13009185785557545
-0.019201263453167056
-0.5983995407990741
-1.1254854099553089
0.13289771844329715
1.5329606253936663
0.8804945991965671
0.5192920287974174
-0.35569089233933315
0.3383945140773892
-0.031388279001659275
0.5621619164107563
0.11779497990303114
-0.723551515826101
-0.24880678358013106
-0.19963495230198755
0.9297578694855662
0.05850124019575323
-0.3881833941988466
-0.8845778015007224
-0.29008991075962776
0.03025663806117021
-1.0322730692391127
-1.1522391997122847
0.06192339871846955
-0.24508711120599044
-0.925472337349105
0.16386120586710143
-0.5167498142493154
-0.38410399771876547
0.4753340437992244
0.13256604444731004
-0.27956515656409886
-0.045777735179071105
-0.0047105453304703004
0.3971284369269763
-0.6339305292863731
0.12377028962835238
-0.40632606081243994
0.3650515020174385
0.010376101123344778
0.1502866850898941
-0.0865967529815159
-0.6037870896829367
-0.4449301100022156
-0.3374720990011011
-0.21806903708085865
0.08089126974094321
0.6504153275412736
0.20873274378544296
0.3126781047302596
0.4460125701488704
0.0977780569663014
-0.4505763265108569
0.47300463535440374
0.03481299895282278
0.1786631427346115
-0.20528558361306845
-0.8088282699503928
-0.3317534875094954
0.015283776531334975
0.10688399849201649
-0.9100668521090758
0.29648585661967264
-0.0046009924600834695
-0.2923922294410386
0.5270432872031021
-0.21418715715390532
0.15535443094020576
-0.08884080707428452
-0.5984812552122034
-0.6190930858096233
-0.0479948406265944
-1.535835689394116
-0.41629033007346594
0.067080272632462
0.15164804019725045
0.11324070888521523
0.4895324130266343
0.09552393824384933
0.013635110382059362
-0.7036486529992687
0.8392397709124118
-0.06852893848547523
-1.5685635708270493
-0.5308874822088554
-0.19062057676323937
0.4128126405076862
-0.52513390901751
-0.2666288900473428
0.9446808223665122
0.475589513010064
0.15393967877683104
0.2295995566597067
0.2026710216250183
0.29476187281151356
-0.2064542389103967
-0.11474861924971377
-0.005947370220411113
-0.2501345323121753
0.260764000861776
-0.5807546331640059
1.7137904331629243
0.18784407177626997
0.12661372845173394
1.2596397488783482
-0.19721241892000083
0.12219446342609921
0.5244376745747252
0.21609615309033273
0.021192467818461874
-0.9102830499936219
0.258787489145345
-0.022642358123085654
0.09422856542612082
0.0954803140530616
0.5340479974031549
-0.21755964017046422
-1.0034206341351268
-0.4267342391261999
-0.42059777464237724
-0.20909922452678772
0.18272675959408827
-0.007065507904054219
-0.28704061799877456
0.02884134573816824
-0.12287533888469013
0.5670428483242103
-0.09122238870916141
0.44449004002070636
0.16878913619113559
0.11916701321424708
-0.05887257420548139
0.33747006179519046
0.10572003812894118
-0.055621656813346715
0.07905970073217564
0.30733707089840356
-0.4663677579886234
0.8478034843835482
-0.01845684242080778
0.10339451512757394
-0.05988290019600703
0.3112397880780371
0.1578580135535095
1.1513755684806126
-0.026355142502409973
-0.40125875007434786
0.26277607498542954
0.5138663755815629
0.612618530446138
0.008803195599751429
-0.05533092918915014
0.035829389909220605
-0.5471328848785226
0.3371329301559869
-0.26448234124262937
0.10828091696350753
0.31966086170080965
0.4606106236598122
0.15906169413806695
0.5541540258282383
-0.14297416880006739
0.1258483767963692
-0.017983309335333847
-0.37038442980674935
-0.19892249498225253
-0.024490554233177225
0.5336751780312059
-0.6614399608182091
0.8056199476837476
-0.28168720813947035
0.14177751703808242
0.21931108155252013
-0.2537911776001409
-0.6272949579021696
0.31532160070354687
0.16960336964693126
-0.4023988324040384
0.21986015396985928
0.46492418258421564
5.79100553586287e-05
0.39869720764302174
-0.09421597464129935
0.6749143517497083
-0.21730320501162556
-0.43829728805386514
0.21599795804622304
0.5077570078669429
-0.5028096902205204
0.13168189314158998
0.7197162874496033
0.4049813616886966
0.9862009655838828
0.13522428308210047
0.04518377863585202
-0.028993249191618692
0.12270065964232171
0.019489902803333098
0.08197113361986033
0.12218709612393489
0.06392959211094998
0.18496496003815602
0.15655858807600745
0.15276702860231198
-0.5530912576829654
0.30416295425158557
0.10717100452779385
0.06735505173723369
-0.0963139657550944
0.5587699367960641
-0.3320571850430132
0.004311760961315275
-0.6556695239775379
-0.1737368221518296
0.02961546026545883
0.07690868821147182
-0.23591863839048385
0.4281525703411453
0.0171545406163314
-0.0733622202359405
-0.11493980404748758
0.2778645247964584
-0.464283474172412
0.3997700467839649
0.9518817676306504
0.012410227719396733
-0.029240164767930538
-1.033960747543203
-0.02035043698511127
0.2088249695958271
0.12703842901545628
-0.09551398967322064
0.17955489467190902
0.07133983165343374
-0.008914820879402957
0.011095116522056553
0.06494478522468008
-1.1054215596331698
-0.3818392262187338
0.03257154198515047
-0.5023966270905231
0.3372112040031614
0.0250385918967804
0.10925256606553327
-0.1281466231430177
-0.0009553236709955726
-0.34436490972947587
0.012185129800780042
-0.10574226051524246
0.20548916017785637
1.1230002794721146
-0.6798327058112719
0.4274939172088952
-0.029063615497113754
-0.9391919573197316
-0.3039000154296194
0.24211731011498075
-0.07537039934932863
-0.06858855008100259
-0.010460296827215804
0.38826372490351124
-0.3522272806706126
-1.373166965180673
0.41369724047569756
0.2869102823917422
0.02768812241267629
-0.30272101983107236
0.10352084042815271
0.39754422439462056
0.3362881764343686
-0.36362199356694314
0.13458976234091094
-0.3467224328205778
0.2942936568972754
0.22313636634767378
-0.0883997861087473
-0.12085344769690784
-0.41238738405883124
0.19250320570582027
0.4200922931078819
0.2776837142618329
-0.07702056178649072
-0.030813697118816624
0.08291259402870524
-0.170559849241344
0.865063514100942
-0.3574266584487025
0.04499590091501873
-0.47203937238007976
0.2897078207888035
0.2936197534905678
-0.12673997556611913
-0.3688080239720475
0.2709883146156711
-0.539740800441042
0.08020465663430223
-0.14074737718640004
0.06622556279175343
0.309871257907544
-0.17869810952485074
-0.23701670058464994
-0.30933357865229505
-0.1564418953546047
2.3044928842973555
-0.017477734248722204
0.16823314373934875
0.3005359569394277
0.15843557919161325
0.1910461419829004
0.557953222777249
0.14840785609203658
-0.4465751046319473
-0.1406982745792704
0.10153435135703817
0.0268274984914654
-0.0820598577679745
0.6143498976622532
0.2658663424319285
-0.1958848818760974
0.2502076342179369
0.18905054225448173
0.11541832461283932
0.7624032230225075
0.3984534245542788
-0.49176063098935874
0.12770504826454013
0.43056399281386026
0.2317400126302234
0.47332359719192096
-0.6109256057044452
-0.34063256236634176
-0.4405901941186747
0.6347054858230403
0.24131170596107102
-0.11947406194843466
-0.45463369831222833
0.016697496954934304
-0.20561844568828255
0.03147567092941331
-0.1941138548394554
-0.25653311810006185
0.2706602210003921
-0.6149229493262074
0.21677853693096652
0.42110375525526234
0.08179646903793317
-0.03901023485047658
0.17344610529339513
0.005679505799910639
0.00994114362990442
0.480404476763709
-0.2520850423577419
-0.7770911693788136
0.033456685314749574
0.32580334066252226
0.19324370661367987
-0.6157198419352485
0.5218158260602013
0.15247500368249825
-0.3132154561941498
-0.5145633755291859
0.1530761743042333
0.09492209930684539
-0.4905079837323929
-0.21687321930119594
-0.3085914234402627
-0.007635243888338
0.2855279576723784
0.3818359698715603
-0.33258428466152834
0.39596659502837417
0.23619847442888767
0.18297298782897056
-0.004894502478573121
0.19917040660767563
-0.023337658824234414
0.11198030313799426
-0.9383255396347532
-0.09080624926105194
-0.1163765667020091
0.49070647971475045
0.10682649806173708
0.12582164148715294
-0.2666311614783967
-0.10721147671052852
-0.08877176826340213
0.19727264238858092
0.11268596030179315
1.266779895275897
-0.16723512751423494
-0.8277661091033921
0.1969741980744231
0.06842128797283123
-0.09704548864072879
0.3958306878025035
-0.7551807570314728
-0.018539895890872654
0.3941352798487059
-0.11333871097685885
0.2547176114845153
-0.5917811140682203
0.38218373502207603
-0.026077328449515907
-0.2225792017647161
-0.2554762255876488
-0.22183911369832596
0.28114881056388086
0.1100497426907068
-0.011727858132950492
0.3064114440013257
0.07834018662270872
0.44185988152670586
-0.12757361592486968
0.034847002843907876
0.2550084840908027
-0.12467921472565144
-0.1479853867304812
-0.3179112033754117
0.3018042826394809
0.0981566820855875
0.6323161734007408
0.4346837316327625
-0.19114352017628852
0.21825763711004556
0.37288230497116515
0.0669658262158648
-0.1319096297383173
-0.5535313584072381
0.04281334233942638
-0.9815253968981232
0.2082168595320986
-0.3849780797819209
-0.18493208742764408
0.03906592174283577
0.029786548498735438
0.28123215784525923
0.19176221696971354
-0.046668089085385195
0.17196532679388057
-0.11692487175664154
0.13761188339628164
0.4592068274984462
0.3009715750397741
0.13629556248047472
-0.011075019023678107
0.140114172922607
-0.5165616509857283
-0.7602845039094923
-0.36627789842188996
0.5599248903714096
-0.26902567629060536
0.06280791769821506
-0.28602844808492245
-0.601206714586072
-0.34775967792020035
0.09760268984452083
0.05278686509576061
0.3686394287242504
-0.12692937073377283
-1.2397471765548755
-0.3474768892781648
-0.011892196697121687
0.5091235533773086
-0.4100619707747932
0.1002657537483205
0.16188856586887826
-0.02882223740753928
0.26321406470813624
-0.26415206290655435
-0.14176587356242007
0.24399043516981636
-0.4660708348465392
0.13463906413755147
-0.004359389154819898
-0.15405549262357573
0.25931289847806616
-0.07522020801660864
-0.3289089183134122
0.2880773320405925
0.2565234184577473
0.1959209907941122
0.4741054024723854
0.07522964230791865
0.005642277296475068
-0.22284976124451325
0.8031220220599171
0.2756395564142573
-0.36210920958843973
0.24231891490906102
-0.2027893962245035
-0.7053409232073595
0.0103837905596538
0.06695104138961441
0.4339113787073994
-0.46233604734377787
0.3477535184583185
0.2958304028428791
0.07018782258308279
-0.12749273605064856
0.06150321936998429
-0.23867289964239477
0.09890628626185397
0.13738105811813253
-0.1774107831985052
-0.21154723930013872
0.0014273510028810776
0.14881494056127978
0.48997274273421665
-0.013168983036122545
0.4967524855277383
0.0941870488870529
0.37081764072104084
0.762181434883781
-0.009277667538142492
-0.004469383948667333
-0.15158004147173318
0.1924098147407978
-0.22033797075890546
-0.24813688499964345
0.021749821021499055
-0.07130342465928094
-0.2605632793493484
-0.18969938369272762
-0.2447496447362831
-0.4178182457105355
0.41607193930934416
-0.0689345506707135
0.3500114179105913
-0.14450761373188434
-0.49543320782153133
-0.30692255192485707
-0.5657311381641184
0.03070923343787116
0.1255985496865857
0.3490248944556682
-0.47845750190607506
0.12385148519706582
0.3337618516608667
-0.34244862443521074
0.28275452218702757
0.5653055445921238
0.0883261868305121
-0.01631971835494081
-0.46472379590413704
0.10199154681404957
-0.32895028088112044
-0.6121404164070214
0.14761116739316685
0.36102038336665165
-0.43765448532787654
-0.6302772826342538
-0.3544949647470883
-0.11270561081909888
0.3001230692166419
0.14673076281286737
-0.6379795886594217
0.3654615501363945
-0.2730774929280675
-0.270742283357571
0.006751722688671996
0.4033083491113376
-0.12667977828941665
-0.04763150502094546
0.8161581586734932
-0.49337397719809184
0.923961113119832
-0.6949453548953533
-0.19519222770554154
0.21100925776654436
0.12164196353891346
-0.0651412382028975
0.28922829215887935
0.7871521199809179
-0.07778900277488929
0.6446568415508378
0.13123444218007355
-0.5893009206907878
0.20404199551279548
-0.006583245563703127
-0.14685820277406456
-0.06381108713389014
0.30755694294509395
0.332153090433303
-0.22840848329420146
-0.5989611918849378
-0.2850674438504588
-0.38041913674463634
0.2572675219595424
-0.8530831324650223
-0.12356077170427102
-0.5771004603713057
-0.5463777370170342
0.13548774644404252
-0.19029775770810395
-0.5115582520843129
0.2778522407759243
0.2641006013249316
-0.7735607239283202
-0.16976281361379228
-0.10695170073138846
0.12902269051613538
0.00024261318840682056
-0.2306237803662374
0.00515576259643738
0.23679588455589065
0.46471753582054154
-0.1638935600344342
-1.6183352457728533
-0.004082365301948582
0.1348718651127139
0.7234249992122677
0.5600519801714738
-0.33544415257140203
0.5057365902216291
-0.8622665687750413
-0.17393295659815552
0.10532184559737659
-0.014757498780549189
0.17410982433087477
0.43718447061243326
-0.46868530117817864
0.027563482468270034
-0.37276417922050387
0.21123166195293133
0.37627319023423267
0.2447176122911965
-0.033037120402184844
-1.2461461830778124
0.2150954195846491
-0.6165236132958651
0.9425761122346472
0.3536553177973878
0.5721654841826882
-0.02273015314254187
0.09771068791948914
-0.4447276217197369
-0.1190486053524222
0.5996649929418152
0.5580809860862446
0.3444441239290703
-0.25563457810643797
-0.016927510137030283
0.7751809446319666
0.9876300674270868
-0.17433915884447912
-0.23120194957670434
0.1261872003643281
-0.05976498120404147
0.04857416247589488
-0.09593366641118847
-0.13270696133165624
0.4923336521632762
0.3235502155680563
-0.059064862023886694
0.5852953168335655
-0.36634959172172943
0.5323300537706188
-0.3517549432141185
0.41936437858468834
-0.19995439183084193
-1.280098513868888
0.026808242373514563
-0.06298099507497354
0.05231119985600555
0.0017787824641195826
-0.01888535457579585
0.4250195512567161
0.11540651160821239
0.2505310888338541
0.017573683154693792
-0.9791969649197623
-0.35571388734823595
-0.26650223265249773
-0.15492613183203516
0.32476918138327093
0.9209658111250127
0.5754952275531973
-0.08628823987146503
-0.13619792065491196
0.19305472811113591
-0.2803357796899548
-0.6138755443068367
0.30904015869931234
-0.46730981669420446
0.19424291841346844
-0.26586141561370136
-0.40075055385846925
-0.3327592511960611
0.48772356637995484
0.33980271732754463
-0.24557732513133732
-0.5653877648339187
0.7375387899868016
0.09683443179444809
0.512968592227796
0.02125263935557123
-0.23077074079903334
-0.1091167516320177
-0.22133096192203935
0.05563329293473854
0.2839083108571141
-0.30912127523446786
-0.02721350947098286
-0.12759806900201595
-0.6662433984987755
-0.15097717891928705
0.08648733039318082
-0.16149113280462976
-0.7543440298312649
-0.08422949265091836
0.37738215813382814
0.21083346950417295
0.09325923623364621
0.12239700675076073
0.8125520525726917
-0.01440133799890872
-0.05674844700257117
-0.49878189069615697
0.05294948377065059
-0.13116598901164386
-0.1602734813779176
-0.3686332430134418
0.09679711037900465
-0.11937129082149897
-0.06145988383088727
0.5678098818627002
-0.05113571916122603
0.6051211739502924
-0.2897077094949734
-0.28283347695757666
0.7916323518096333
-0.06262824279569698
-0.01998812234539435
0.31958430364630663
0.30874269418613
-0.06197096725495396
0.20838706271462784
-0.12010123696131678
0.21708752828891667
-0.2548706681921358
-0.3574323410644715
-0.09846593485886587
-0.45490500411114754
-0.03612516384391082
-1.3778086422071358
0.14167660025018905
-0.299414843072658
0.6075658081022275
0.06931873851661144
-0.012913739923515938
0.2214926571424534
0.04455000307267867
0.16690258732825616
0.07762458163442745
0.24705233940599272
-0.03879355199972287
0.449138132164133
-0.5759878478295719
-0.3904613273262787
-0.4547586650383857
0.19150336215682764
-0.04738760546542273
-0.6701309584099879
-0.403439790307893
-0.48175464940867707
-0.02269447049838222
0.03406989019774678
0.24865307163653097
0.15540958735541247
0.3285422337264561
2.368301190792201
0.08155346352703188
-0.5365812704756153
0.5251695326793846
0.13639996256925316
-0.26426417496199717
-0.05796543778376281
0.18136209147776275
0.19635493795433503
0.33366118458371785
0.36887680507537146
0.05472389220943222
0.17251651723353548
-0.11638603239121423
0.20755308586934754
0.5804514729548429
0.05753849685620385
0.3034949301246477
0.08118779692646741
-0.2550958081211454
-0.3852076623344718
-1.058273479628236
0.31151375000223913
0.15646649532383308
0.12067922255725241
-0.40302138785728703
-0.5292044952347541
-0.5617314624521008
0.435117682647173
-0.22857979876945086
-0.48722087768909406
0.3604766464846447
0.005676938693020023
-1.270885641485798
-0.00929361430338857
-3.692359949621802
-0.1569021360130529
0.8269281424954023
-0.3026916243616471
0.2809323287241452
-0.24321218474926007
-0.5126891485155092
0.1952008959794376
-0.9647626178412314
0.15005485934702414
0.13820183768347197
0.1782755596344017
-0.020202616775496257
0.14783965146434988
-0.040269091099130766
0.3649728721117742
-0.47875613949022133
0.6068977612969202
-0.138716518275499
0.05976583821136086
-0.35594712221752234
-0.03346831731860919
0.19098861355983446
-0.5631567493134892
0.4595291567224833
0.3020251371090059
0.07414340647608644
-0.6939176439777675
0.04168516987844886
0.004849424761781879
-0.0037221063286065614
0.25599890111349977
-0.18757991400114535
0.4877168361552666
-0.13215998545614524
0.7412003184677389
-0.43303368575685264
0.2042019181130166
-0.1844761592770454
-0.5206221392403578
-0.2740392959836062
-0.5213230685337522
-0.13355648464702383
-0.4338419298030538
-0.3717419099927306
-0.131019691540001
-0.21708987410398214
-0.23379382957079328
0.12214406426151705
-0.25851545446629176
-1.0164497185763959
-0.16456264849022292
-0.10723043687672315
-0.4063704998116564
-0.15357124742156045
0.03395697931029809
-1.154294812563244
-0.038073077879093614
0.4890592093263879
0.2595568391638592
0.1453301002753782
-0.86896722848179
-0.3893481334295896
0.49324663920026257
-1.6775128431836088
0.36694155832228104
0.10009413819481464
0.4798157814810562
-0.027701609779452435
0.2383582606706898
-0.6861488260638517
0.02167188055782568
-0.1465907578509262
-0.351598333354711
-0.09790781792247658
-0.2195551053810427
0.6720976397531913
-0.3517765170202283
-0.22883568971312782
-0.28808061684068687
-0.04442118634907152
0.08205783997457952
0.49765866727807717
-0.6430128815965817
-0.17977776597607995
-0.22805309646072477
0.4334777928844491
0.11779401848863993
0.5626748879942972
-1.0173805698682385
-0.3042605850345823
0.26265665482760303
-0.0464635874829846
0.5594384160518291
0.3030090830950001
-0.14973751389245613
0.11289872276168958
-0.05075336350193857
-0.030771386603601597
-0.4457030227999117
-0.22052067940623174
-0.19539471167125774
-0.13072480423502816
0.2368782889027279
-0.27828588323760717
0.17791089631578808
0.7313595551499534
-0.04252710720038563
-0.041623371460951714
0.15237135016059924
0.059842440933922464
0.15056382389889536
-0.47598166487822846
0.46905294742466674
0.20789646605766124
-1.830916993928224
-0.17555150001829786
0.12843000249704287
-0.45568075253850404
0.28113372389119773
0.25853747179089526
-0.485931603905577
0.7203529780232678
0.2212328558311625
0.17442646054923164
-0.3127558851322605
0.9932938029781622
0.22219498083340075
-1.294615480244906
-0.4987043892284193
-0.580484846390315
0.11261503100763995
-0.02655052800809307
0.21354668558846204
0.32703203790737634
0.20759344497886192
-0.0046740824058386365
0.20499329570194516
0.17266830705604222
0.0665211901064118
-0.012889541542890431
0.09119259488127399
-0.4658694246199049
0.5660606573079954
0.13462063941511063
0.6682187549567487
0.16301998593915948
