0.11717898846231667
0.04284994434812295
0.03602703098758098
0.09973596117221328
0.05300410676955947
0.204327898215503
-0.03154870377489427
0.14849532050550462
0.07500292467434089
0.25518120151949986
0.0550081854578075
0.07209405941224678
-0.03250560684772319
0.2110843256735888
-0.06931949990286523
-0.02530464698683632
0.12764243059218994
-0.013987055428581252
-0.05266603253562607
0.0202865910616834
-0.06756135368294203
0.004612225191852115
-0.17006127374386137
0.05186635171974818
-0.08216921397360766
-0.30706863042640165
0.04467072302123598
0.03252920853013608
0.08779832428368262
0.12246744294543599
0.043315377566005786
0.20649358503924364
0.10880928716802618
0.030202136796261714
0.07487213156792794
0.02734491096451941
-0.1779541589927196
0.0012454295393260484
0.04359661492279421
-0.13134749994577954
-0.06602698133835516
-0.11773527850439791
-0.06634727137471197
0.06735255714817545
0.03453504538034502
-0.04286787869448272
-0.06307320488878743
-0.05723668992034758
0.010961809738393224
-0.0508047414144821
-0.11682958929245402
0.04684314723956029
-0.14116892240154089
-0.014512689405438595
-0.030288583764715993
0.1127420893097486
0.1506463031379599
-0.023465167292374467
0.011211974549727222
-0.015543803168993842
0.0771063199299562
0.11054878553214254
0.006612022134882212
-0.017827793836611594
0.03622147128197328
0.17055143580999643
-0.030755280742841062
-0.14699119180554487
0.14024176720519832
-0.00013549369748755424
0.06534132601069453
0.24654993251519453
-0.0006329058776854968
0.013727380508380849
-0.020844354126757114
-0.04608207335038905
-0.023471641073415705
-0.032945431806843395
-0.056865883246398186
0.1531412074888805
-0.04375984283760159
-0.1377454962953053
0.08849172654533488
0.06124641654203722
0.0874424344368836
0.04490977199867774
0.07024449172472336
0.006908255963982368
0.12703220476267885
0.07165530521480212
0.1345839894504901
-0.05783112509408839
-0.0795772695914605
-0.5451255354949984
-0.0853499799987294
-0.1467187388075213
-0.027846103332932026
0.02552022003642085
0.05900586273207975
0.11048591280949327
0.7127185422967088
0.034155999743821
-0.033500181733470136
0.153261515970319
0.12338658180931561
-0.20961434245307786
0.004682366266663296
0.025602803908602922
-0.07866523000754233
0.09568378396648636
0.2593096612745558
-0.05345600220159219
0.23135364537935388
0.11334593902710499
0.19890228282101718
-0.06290258532468762
0.0807079839700171
0.5266447131780239
-0.024005730086016808
0.45000894192782703
0.12717218297904154
-0.10689697628383588
-0.066045897379168
-0.024804723109584148
-0.14718154903853842
0.0012310787988918381
-0.07511961946453627
-0.07835365469339206
0.040840468763839066
0.05828885822330521
-0.12643792326864234
0.3139427603496876
0.17937310725290279
-0.05748019727297704
-0.45416007068476083
0.045133777744896575
-0.02511679199803818
-0.10660257099517345
-0.019975263947624056
0.00858848559122527
-0.09831138402512107
-0.035081480635686724
-0.01081358924136322
0.1569798852335349
-0.16064233580320386
-0.17721287274118547
0.1527357848925941
0.022737326332293195
-0.09172112746758909
-0.08667695121679642
0.20923408221141326
-0.055000455186330344
0.24876992758298067
0.141703821841346
-0.09829806661280549
0.17300350834958245
0.12105823729687715
0.060114013415823786
0.024492583810024282
-0.10787214517583665
0.1392084573858552
-0.13829211386738183
0.20531289206294034
-0.39277083106815947
-0.18912533632014727
-0.007765060931696599
-0.04021471612989691
0.180884916274908
0.059803847871337634
0.053243721843721614
0.07983106483263636
0.02144451332722852
-0.08629910435620425
-0.22687374257728332
0.02889995721049754
0.058359885269601564
-0.012513761955349034
0.2518374568880135
-0.013802162431683307
0.08289637872723365
-0.5994391231294449
0.049561215594708274
-0.0818271555880139
0.05303340600143103
-0.012764386709985587
0.05522006398250823
0.003036800057342859
0.06576517679113514
0.10516975174485554
0.005639628910518502
-0.2154116488358795
0.11535205266917448
0.025518507467237495
0.01710865405871309
0.15699641810810872
-0.00988757630320447
-0.04024956285353043
0.042317643761395685
-0.04503228262755732
0.014204132442599438
0.08487583552770417
0.03170191358284469
-0.0432100280658374
-0.05114036829573698
0.027974118908089762
-0.01467456510530174
-0.15895330826982712
-0.06072307599557525
-0.1297902627368812
0.009329946741089667
0.02047340497463046
0.30398775177969495
-0.2395725744808841
-0.10279688026434908
-0.1450360515290008
0.07227998054674534
0.10579031338915734
0.20948578575711285
0.07576918397596222
-0.22184206486478253
0.07530032637017037
-0.2239117129699406
-0.09136441236742887
0.29035318434011526
0.005836679843497672
0.10191893048520995
-0.05447148088292608
0.034508937976446274
0.06067085883623702
0.02874611440032937
-0.0360186941838605
-0.03598907170115195
-0.06079933329641918
-0.08895147736298314
-0.13245258472733412
0.03946616090340371
-0.06757729988478611
-0.02449011527290823
0.2686279777138618
-0.3495291882895488
-0.013509097173080242
0.02488686725347633
0.06147496888077186
0.08290638556699936
0.15874739750703393
0.04730016476112309
0.019554004078466747
0.1567064341134885
0.16972229893098145
1.4286201098267968
0.11999815981289519
-0.0031381252484414812
-0.03165957113141071
0.04391056795239345
0.0032141025871870177
-0.03000343177050202
0.07052503122153642
-0.034246876454420816
-0.0506592249010176
-0.24892769399518655
-0.04907986033743672
0.28122454802502217
0.27104995449688407
-0.07976591273406908
0.21991908998399223
-0.08433779921909612
-0.09246971386774083
0.09204701498662149
-0.21186336955247276
0.004209799363302347
0.1109171920866674
0.10794685705217688
0.18088043090771877
0.1301877277343657
0.12527018360520414
-0.6222067721501967
0.019202301279442002
0.06266483804652423
0.10735503816164638
0.15269203147497934
-0.02322801698390653
0.014777007241157714
0.0414384540317394
0.19067864252243094
0.045811689516801035
0.2662915538896409
0.20469187101410635
-0.03629820719848964
0.12020337451365282
-0.6600874375661976
0.12835948248412143
0.14918094002783322
-0.409823928059627
0.07539101109404966
-0.036522958727793764
0.04039169269498988
0.13527788817061803
-0.02226859429938588
0.1414117043726706
0.0049120121430654695
0.06735005842690112
-0.0952569702980357
0.10484470806564783
0.2064170553763569
0.03639000945395776
0.13684286563023318
0.10038770857961055
0.21679684209309258
0.05317652544061935
0.13610834102762914
-0.11958692259912151
-0.26753643646468017
0.004808805651300041
-0.06341120124962196
-0.024902628470644173
-0.07018502330803122
0.09296113189870825
-0.06556780853028799
-0.10526644295667431
-0.01474390685539273
0.014799728737175943
-0.07019467153961312
-0.04972553688826431
-0.05366828067056795
0.03325187946155772
0.06029266726844673
0.21379162634299864
0.02576985263189857
0.15128073456931124
0.14850875733308322
-0.046334878570839955
0.2386749802204824
-0.25102889524506433
-0.04693708053950019
0.20049742718409624
0.1520586576545484
0.030491864266739777
0.13512725167164064
-0.08920709200465526
0.11646746936893271
-0.08799715220687587
0.019177964575535222
0.13436364808815204
0.06213904591109043
-0.04050187050031595
-0.31032634787385904
0.012090775888950578
-0.05999701941862612
-0.16418123098865633
-0.04224723888487225
-0.18660935245446886
0.047030520343203985
-0.03637240133869568
-0.06849562932375286
0.011213463083274533
0.023231717329661894
-0.431214365138745
-0.12216332868455737
-0.4988477552410344
-0.21136036934958025
-0.11041589148989628
0.23238135814878946
-0.26612321724530297
-0.08752852565513058
0.12189624476925487
0.04344704032499247
0.09859960067521789
-0.006989779048964806
0.03635304072792356
0.013892151680986009
0.21095957529369813
0.13270337582593283
-0.18782036987460238
0.016179135284538404
0.20345519605354734
-0.028071865867648427
-0.02545948894273775
0.07440612341254638
0.047299977254197545
-0.0488763189883743
0.14084441025608707
0.1328094222415861
-0.057928807632174006
0.043307211952475555
-0.059594319233643
0.05354151665813944
0.02958557851970367
0.08439230241631268
-0.0758399350904242
-0.07588675528349409
0.1514273516842204
0.0614122161843389
0.049322660748156055
-0.22391144065191315
-0.08573464696419286
0.0003188901747652739
-0.11078425753053667
0.09558985802045972
0.20739831990921975
0.10694249127892408
0.051502913053844246
-0.006763728324752805
-0.09979362645895695
0.034992382172681635
0.2276456375991016
0.14472674092606952
0.0673588699966281
-0.06709808815144269
0.03529697169715784
0.05492688169555926
0.03337229940415498
0.0025034419065719238
0.16687417163889817
-0.060098612845247645
-0.03492072342974417
-0.10390317115330738
-0.05454992579068629
0.03768884392488547
0.09156838806974865
0.027390601757039335
0.0064499029025448795
-0.12474581795469297
-0.03690083280229861
0.013500982979195442
-0.10386823023463787
0.4766026956088215
-0.01920425276149751
0.45634826552006325
0.8803607581612727
0.07474097965918047
0.10547439504077949
0.04216410124112513
0.12444594781365548
0.25449659823862003
-0.5412346836597373
-0.30336935794026254
-0.08871599331158042
-0.07528974303563074
0.059458084891581775
0.1716652051509282
0.042043028774708224
-0.03964078232568746
0.10318749862363297
-0.4360946039762139
-0.05845353959909816
-0.15119624148753585
0.36386659317861025
0.08258463991786935
0.051291812938639714
-0.11469160317157523
-0.017997519662696693
0.0833983660784321
0.02957058650289701
0.008011715856273804
0.013040180563814507
-0.027612159655482582
-0.009907893028665127
-0.011632010278120886
0.36276827177216586
0.1374582375063209
0.13861531028500784
-0.04731103727854502
0.16223877788035979
-0.12099662332828265
-0.014584408120540404
0.47467706138029553
0.11285944591504449
0.06669828647951714
0.021968125107112435
-0.06354855520097002
0.1625753054196588
0.21402110084355797
-0.16008604438324725
0.11431573509618764
-0.06862693222243199
-0.05918180909205306
-0.028149657602734024
0.1090537167756267
0.05439221706908315
-0.030051050011110858
-0.017489083683779993
-0.05710221042898733
0.05554476171206835
0.0450492101529012
0.2370703171229347
-0.10830845555106228
0.06723693237719419
0.028776381063487788
0.02310232623586206
0.05954394784257366
0.028518183125242347
0.43149013260141933
-0.03707618924495626
0.03366773289143121
0.08016186292551297
-0.055253202853771555
0.04733715622248624
0.07117998974033157
-0.11598104686392197
0.275991641933067
-0.07059352717791612
0.4009453617428511
0.06311125863734901
0.13041807136813444
0.03571104774823719
0.09923313339381234
-0.04468146743269075
0.210668554261624
-8.158806695113263e-05
-0.11282073304038676
-0.028679075234951945
-0.14352384501534732
-0.08232120108633079
0.10966085635985712
-0.030777877076286098
-0.018440517353495833
-0.1374863154983521
-0.08902271834825082
-0.023772659577514288
-0.09853685086864172
-0.06070165539575867
-0.38190326445886347
0.11731601817030746
0.08796523088053543
0.36006501331734975
0.13211477191436227
0.007458640367146163
0.024392691596381466
0.29169320847480584
-0.18696382076799534
-0.19777153257269098
0.016677174190948163
0.009027421339672381
-0.07741164806636425
0.03768373470286979
0.2485141040602048
-0.03545172678639319
-0.02260972542473727
-0.07451025961355162
0.12489349988967002
0.13581925555008056
-0.03626805846848713
0.10598427130844401
0.25716008364653176
-0.06740537828337345
0.16322580728671965
0.06831262272490468
-0.060608833222856706
-0.022064155733423796
0.1431062185284644
-0.1249592178726806
-0.2593385226816649
0.029624542952255473
0.14872769761051718
-0.24408303703834755
0.04474871309469042
0.1570169350827504
-0.011098630323729264
-0.01726237668381736
0.3238553665462772
0.049788896347468414
0.026352112269854677
0.25951866636966403
-0.0076025438585698435
0.24549517132148502
0.1624995480709004
-0.12713280343008448
-0.05025088172551517
-0.06097953209733675
0.06555227364668936
0.12261904040777183
-0.03495902511316795
-0.12135531794034682
-0.0127796509174114
0.2530919550396882
0.09502398677308577
-0.06447949484580229
-0.06427688863674974
-0.08594511134663074
0.0642064051493545
-0.12075162569302567
-0.09048464079283947
-0.05534962066649585
0.16773730467856818
-0.02471330608669353
0.14244716517619538
-0.10423490056465745
-0.11420171408766233
-0.015400821415302746
-0.039389581773349835
-0.01519331147067926
-0.05499869855398609
0.026765133072550018
-0.013290508637151088
-0.07656328636624843
0.052356097306099025
-0.056412826462763466
0.02519719252348873
0.07372547509560157
0.11853935070146948
-0.16054005170485386
0.010901874916413146
0.1024850472814769
-0.08878454669979186
0.17880651687422255
0.08795487010020175
0.04496867775630853
-0.05116370806979886
-0.11695001260377236
0.13477926844645016
-0.09291395306564687
0.2074698513752804
-0.1743088172705367
-0.03950733421036601
0.07794362571175117
0.07160028027219267
-0.05540196959467636
0.034511781679287035
-0.12033884460175281
-0.06009689975994004
-0.12741448815751566
0.1722024285983701
-0.1165112819295393
-0.13262730135505696
0.08073727018762833
0.23816727866007326
0.015240164647643217
0.10117566935289524
0.024530901068613442
0.011406950491561707
0.3328468089575034
0.046897427803086034
0.1662024845320733
-0.05114502525067799
-0.15639534861048698
0.013107686227524562
-0.001749547556014086
0.14799513678009246
-0.14328404179790244
-0.4791532596662187
-0.015721000524637097
-0.011818739191582273
-0.07120138168702028
0.04073466691817784
-0.11670755974320413
-0.01603290106642974
0.9336626481038224
0.15427140268649864
-0.07866322055441888
0.012273382021921408
-0.04943199496888773
0.11327109542066016
-0.07752742093906484
-0.023142769389430162
-0.12464529190396556
0.02570438841832612
-0.12757729025236464
-0.11548654124252233
-0.033274650300783026
-0.1056285599614204
-0.016545542428814786
-0.287222510660877
0.03149304917475293
0.0029443831633428896
0.09575287093008833
-0.03261745477891209
0.06536852746982569
-0.007236917060629899
-0.11629850000936726
0.1218910100197872
0.13658722238389553
-0.030643635302776362
0.19260940446824648
-0.024474803614582097
-0.05847783240447757
0.0340757496140387
0.07073657596627059
0.08340095375140488
-0.009198409166602639
-0.002509212101398983
-0.11540423423501811
0.00112243236684062
-0.10509208913135804
-0.010336346037486788
-0.01355353381318447
-0.219372771144547
-0.1479099430818549
0.11631203832171866
-0.18467292443339578
0.10355713579535708
0.06919178410825855
-0.002393857949197775
0.04075079093381584
-0.002389511579276027
-0.41749296071978725
-0.019808335560266732
0.08513233185430336
-0.0741239330591148
0.01344725685946635
0.04888734733679101
-0.16560401056097285
-0.09177502585300235
-0.24118434669443556
-0.020959258119682023
0.057311948666996626
0.1043425943588645
-0.0623029225704963
-0.06154213239908812
-0.05477367879878248
-0.09479728068622428
-0.01964347406284017
0.03547118100888391
-0.02981031908683196
-0.018858586998537374
-0.14559370092074952
-0.03602015009608284
0.07963642749351774
-0.12408485997768937
0.1831388057528036
-0.06441759221736953
-0.07328289420942524
-0.040383701381241366
0.3160203545532936
0.006196380059241946
0.04866650886828583
0.046245211966760236
-0.04982300087822611
0.21029476340168407
0.11063315935018792
0.1412804696818486
-0.404176961089181
0.10674653846232496
0.16140031785350595
0.03673070343893903
0.005382679120287559
-0.0627743632270008
0.02062630889878836
-0.10462478222931892
0.0033605612585634326
-0.119587418018122
0.03019526558228658
-0.1722545658747794
0.07925880066889568
-0.015400231787474628
-0.4344667932820123
-0.1639641835929324
0.05584160680631456
0.07811782645432452
-0.04070208355990945
-0.05895513528181384
-0.0018104724513263726
-0.12675458354356617
-0.13323885178991546
-0.07129579027974775
-0.062403075154184195
-0.21883912321451615
0.10943367926966863
-0.035715126819213294
-0.06991271055560744
0.12421485337760241
0.10963066994389137
0.24071200148255745
-0.0075175637422300046
0.032081861594419836
0.16684803001284032
0.009153688472369081
0.0632708117541243
-0.1830929428935545
-0.21767645807521907
0.7350044862057104
0.1010170968805828
-0.039382652587042655
-0.12694659625200244
0.2286902610207604
-0.049594759815333456
-0.15182970718339495
0.16359573339093147
-0.03143870506872304
0.12202430677660403
0.09433954210817586
0.03199547214656584
0.08546256641747574
-0.05673940942169464
0.032408770296232126
-0.03521402591062306
-0.09685264300987795
-0.15997515921565708
0.0076519836357327176
-0.044136744467679234
0.03754906085039922
0.15932910732876304
0.20834714699229195
0.08781924076689007
-0.07194355516964945
-0.04466045620453141
0.11430185919956615
0.2453876652391873
0.07836501034057397
0.6035442184851167
-0.018117671944389846
-0.060140562506478146
-0.06506135820389924
-0.07539709996254951
0.7493072300649957
0.36366803965614003
0.10505170265902408
0.3299543763458741
0.09218596606792806
0.020516237649017555
-0.027610672701059435
0.06113685022632209
-0.12976515668938204
0.09925020999391876
-0.09206980437189949
-0.0707823093890092
0.005071102742808975
0.09195805584833194
-0.2557986343365999
0.027551631399471477
0.05513910525968635
-0.03540104285341039
0.013144340157723589
-0.024210182504654343
-0.03058461009765634
0.30881370617545856
0.12501254613815882
-0.04407969255146171
0.15690545016766766
0.07378568314368117
-0.06445079932371445
0.0611202651904883
-0.03255439177888331
-0.06627842916452975
-0.04173941621989563
0.12124975678720973
-0.16986416253840542
-0.10292892004489795
-0.14587826113956837
0.19995957337307524
0.10326037118901543
0.001375628897843928
0.4032059772889742
0.045528639138429305
-0.08643080103982115
0.04921417854619636
0.013248933814679287
0.07193680797257795
-0.136308176417808
0.19861015077178656
0.019708875741914156
0.3071379105676757
0.11728781272748723
-0.00927231634821446
0.18679488528078525
0.11023672270344775
0.010746474036626097
0.0014237329918138641
0.11898808792548787
0.24629542090574974
-0.23621148078988963
-0.015641015583211182
0.032588936551163794
0.030610884712124475
-0.046283164307987956
-0.13166182194723053
-0.06507502040079705
-0.27261303575332474
-0.010305095713652457
-0.02574425449082174
-0.0852641607059974
-0.07724965570665976
0.3891317168647914
-0.011732505889142653
-0.061162326735800354
0.01893735130093055
0.2363291706407593
-0.12985224522017158
0.05066041351334105
0.04505023511100292
0.9687961097727953
-0.00779043062637319
0.029399879655942485
0.04409258649261605
-0.031467229096845184
0.061824058615362
-0.08250914599490211
0.1320749692221037
-0.002222184811402572
0.01007128625752518
-0.08289150890182873
0.13480295759390826
0.12700697141554618
0.10753320411275147
-0.009602570356363582
0.258258588142914
-0.0008964144580245748
-0.04514119012683726
-0.02309197121806461
0.06810876477899153
-0.07446034369511478
-0.040735551827444816
0.09399383167986697
0.016901073396632826
-0.10859122561171508
0.030289391754902528
0.027532282606274272
0.06971733739439989
0.015264220031572906
-0.46121751997486693
0.023685629717514534
0.11362121216881582
-0.06714073441474433
-0.014782351349458933
0.029745359900205548
0.02632413016673163
-0.05195255255437137
0.011325612983901001
-0.1300738907937271
0.09171719119506427
0.1678653962742136
0.04401733792918505
-0.040762712651254196
-0.2146706707982411
-0.13985365063073785
0.06113273956955312
-0.08861301101164676
0.0047788078059500805
0.16641562980633373
-0.06376823519186448
0.23605491855695782
-0.031629497946299656
-0.017104607970756636
-0.10492114425920773
0.039968306300785184
-0.1674021309763012
-0.16535367332991724
0.008329416249071242
-0.0363799466953274
-0.1020733031886627
0.12980625551160463
0.09612265447169754
-0.0924458396490615
-0.014069858736768914
-0.16218835611545068
0.18744051768623504
0.05466735708740256
-0.012505455117125308
-0.09808285838912023
0.06730141351183283
0.22025232228515068
-0.0861775637764235
0.24372717895856533
0.11262452845482662
0.03881080042066487
0.017943956156276863
-0.05850121668949426
0.07569752921160955
-0.11572253670837629
0.13311605318794162
0.05380099830621088
-0.06447975388355642
-0.010769708500918629
-0.055617309434992324
-0.04924243051607902
0.10898048189070719
-0.028911383163883753
0.08611626006183681
0.047479496047810654
0.24278579696844282
0.10140890937969638
-0.02612758069670096
0.04730512749753335
-0.22233434197398494
-0.03358233085815043
0.01625253161315876
0.21420972837959829
-0.060674371692796214
0.22716805406494078
-0.0077799560371965
-0.03107793384988633
-0.17545236421085608
0.004260401344550635
0.1416701243251437
0.028292314879600378
-0.04228813165858414
0.10159351639789072
0.06457736660185676
-0.07835024917903732
-0.12209573186738343
-0.02215349496083996
0.029147279082056388
0.12307739658412009
-0.06830688822486475
-0.05314131985926296
-0.04620972464014317
0.02918888905120398
0.026702131230151194
-0.09292912275417997
0.36560126596550346
0.10550151016148379
