-0.5767851437267083
0.41584820120003363
0.15912199225822862
0.04870500532475183
0.409190418708704
-0.31254279651764116
-0.1159833949219781
0.7542387296066949
0.572558425042829
-0.13224602619512452
-0.007969646981269035
-0.05416209713536527
-0.31690189619143394
-0.8761342327160738
0.6940109846652295
0.051170435633854344
-0.3105577916010319
-0.641276966472326
0.2068922335530857
0.08493477842482386
0.27947627498648464
-0.2918739205044688
0.20865771997289037
0.3459590324291316
0.34678005540471235
0.6612033855997513
0.256229284406977
0.27116769656860706
0.2065104457469756
0.7698159898936418
-0.24072120398917587
-0.02327241900159152
0.049580274574874655
-0.2896581207503338
-0.46874537939772
0.447923715319981
-0.3601475268659454
0.3770742155315002
-0.06716389630930389
-0.257895665137719
0.03381594718937961
0.12387737188603606
0.23535895611282917
-1.120234544087673
0.2410174540242723
0.627817009411158
-0.3408746025650854
-0.3844881600518478
-0.9149266955187553
0.12566990730314806
-0.11673254797583468
-0.05005778310615519
0.8635462830766488
0.2715166809605295
-0.2823935887689898
-0.38231270387989225
0.692262125137889
0.17590731690054148
0.6436797707824266
0.6780596847185826
0.3579939084957108
0.062186591482956105
0.3615643779288146
0.10867211088879322
-0.12335142357382303
-0.0446704494863738
0.5336036930878102
-0.1906566409007148
-0.41951850879626595
0.031207540269746564
0.05328864886399884
-0.3270402159182514
0.27478001247677286
0.13060657131544814
-0.3054706634054677
0.18392792109775033
0.09050833089507257
-0.09936247008588808
-0.11998039818251174
0.26391457402771723
-0.0074566368584626785
0.3084175425318959
0.21440165277983922
0.29392349783396854
-0.6750940756279066
0.19930732990442265
-0.885193580252145
0.1796267717678056
-0.512971553167849
0.13610609649860947
0.5870412930404771
0.25848104547550055
-0.21437321187412142
-0.09122431402189193
0.28565343585159086
-0.5384234830984468
-0.5361136796371747
0.20753743947939327
0.24492437742300996
0.0008426499385564001
0.30834258526433767
0.22022973018202982
0.5687464914770658
-0.9622290133649644
-0.41236314197045265
0.24714369394437927
0.4575738445805456
1.3801359489674518
0.6672546159597218
0.18208736214029972
0.23741892551085061
-0.015930470513689704
0.04628006622772016
-0.497490949553021
0.28266464317361406
0.11030443170914025
0.05712074281231691
-0.05229453650162555
0.968999487408786
0.13205333702689756
-0.3820481984796972
-0.1029675370504454
0.3841361239865263
-0.2722932900545286
0.24934032684774685
-0.8809779542968345
-0.5338112892627555
-0.9615793997334342
0.15584588645668992
-0.3146289508496859
0.032488824011259604
0.15367525958342484
-0.5596160279176509
0.6115442073417082
0.32085338656187334
-0.5654027380335468
-0.17744614978577325
0.2630105555043466
-0.005364908090287918
-0.40777346724364383
-0.12982396872362348
-0.2712357705406395
0.31826877753487504
0.3789456213177519
-0.7224551908520137
-0.05730707324413667
0.03563780576421802
-0.441443490583191
0.6355163053236775
-0.12815684195216628
-0.17001546220972977
0.3215494074606552
-0.27263923472079676
-0.028039441574111562
-0.21819293773060658
0.6542648414302669
0.31132265677108395
0.055310242438417395
-0.5788164344820611
0.04255519493991908
-0.18661685408765508
-0.11561186685796657
-0.11308115614795425
0.5360423162377149
-0.2548202542353256
-0.3694526057479036
0.27494160833218795
-0.18361192951151387
0.17490855976734707
0.7322952848188958
0.4550922805321208
-0.2194533445288748
-0.9529847227399516
-0.002966468465094435
-0.40788351127463807
-0.21597212488718612
-0.519151320916515
-0.030584199887930735
-0.012454291634301035
0.34079527473784765
0.05723599244880581
-0.08896901220190614
0.3815240851429872
-0.41527790917341656
0.683983051767355
-0.40940023918390567
0.3036889503223087
0.25912774189938725
-0.06957319302262013
-0.6506645874841238
-0.25112086250946086
0.3257395017339265
0.42267174221622217
0.19575602894698205
-0.0151875389225328
-0.8387189018645319
-0.11306920890230501
0.46323752504029214
-0.3138219862677952
0.34403043076424156
0.2423110635088311
0.3230119608449865
-0.012539566595764745
0.123481885403082
-1.1290893126081412
0.18988411602504449
-0.5250587029583659
0.2694775133397954
0.2807639494264983
-0.1250583202047181
-0.009923973919567258
-0.10442666987629093
-0.6806721264189249
-0.8241331287589214
-0.20765914355299944
-1.0362631282545256
-1.2461970817275563
-0.5232863176822734
0.09201146484392106
-0.24646424656592805
0.03035865621873554
-0.2046923461547089
-0.05245208549797989
-0.03125535370443036
-0.6237116941877477
0.28209843800618783
0.543883549495639
0.13361758325226666
-1.2743781273743369
0.6474249148693879
-2.2552191374339046
0.8560006406145902
0.12299252057613072
-0.12261608530111615
0.035827999510286895
-0.12317536850359403
-0.23218447329926076
-0.003428402243822154
0.38962972664600104
0.24193467526326415
0.3795560854200627
0.30352543112769015
-0.06598205062526522
0.3983809436727489
1.3399588219551677
0.07314155152090426
-0.05691826940503111
-0.2560064704505972
0.03738522796066554
0.4296943327075816
0.5155259062255088
0.6687484244768399
0.5615895531840881
0.11661053558874598
-0.017653797127218512
-0.0794418847025983
-0.22874949144087467
-2.2024233839232212
0.5216862247284461
-0.07533544437724907
-0.19870202680767726
-0.01875021207730168
-0.4051750528337136
-0.5841392458353608
0.15380814203075807
-0.4131853921730485
-0.8374901279402261
0.13670616544153677
-0.47295483841370156
0.3537734897569248
-0.16502527580143758
0.7029459531455761
0.1543120652036599
-0.16486852725181925
-0.1524602877676088
-0.23845044223322845
-1.0480982755183779
0.4335009668097879
0.4095161594241038
0.10247556870914262
-0.07305973609982389
-0.1764132900578156
0.9110358259238082
0.49928414717390524
0.01951624206959543
0.47343560408363283
-0.14713084206619623
-0.139410534462065
0.3619663271420296
0.8095926064336162
0.3134133112028611
0.3642231280952565
-0.004202021015313667
-0.023815753350724306
0.46562228389337834
-1.0734032366035273
0.4132230870293899
0.04889993954979985
0.8665496532205529
-0.8605727222956902
0.549140650750117
-1.3446681751211513
-0.20567944230413496
0.09326614381420892
-0.25216381666262533
-0.6221502567418694
-0.498776762130117
0.05919172576166662
0.18764340948787037
0.09756579881728691
-1.0502616012085988
-0.23335334361391027
0.2732303569736484
-0.6901581400554727
0.4931969495373357
-0.16532717030358848
0.266838867572624
0.07952541414563816
-0.7889384768637885
0.14979937123521223
-0.039750039123188335
0.7634051485569643
0.2131939507461312
-1.2838581334101722
-0.13018009818259282
-0.7878163021407522
0.1467922748574587
0.6541469936981273
-0.09498292800726774
-0.5630741967688772
0.031502034505938775
1.1181596079440106
0.3363325500345017
0.15388482932001554
-0.699578387671297
-0.19598443382560085
-0.2329094084434459
-1.1378105927667739
0.3804626171513258
-0.4077829142308541
-0.6077829917339045
-0.3991279687765509
0.745714029929737
0.9281766234843462
-0.31915116781314745
0.2749537163731034
0.307058665878012
-0.015581379690904923
-0.019359322459158973
-0.3097352477913088
-0.08073178917106452
-0.7498896998475036
-0.4971622957367149
0.8873193011483634
-0.032676034462582854
0.12380681874968821
-0.39077114922497
0.13167496084516492
-1.8627621025934515
0.3118374223652719
-0.10803722431541987
-0.08617147973180508
0.9416086165771539
0.1445488161632472
0.3684419004882141
-0.6485440620754875
0.26098235555102456
0.02240668641342411
0.10572966830629546
0.391169351900417
0.2675992394311125
0.604680211811958
-0.37761319182629116
-1.3171551319159769
0.4972801792370195
-0.2821131101401647
-0.43524613775129806
-0.3081167140744018
-0.2704535027963523
0.13166005200874817
0.227079415827348
-0.25736456960985155
-0.07455222420157029
-0.16768653058635544
-0.18158564555957737
-0.18119043859705677
0.21033868322152535
-0.12782896739483
0.2731692164923555
0.1468094422133431
0.14396091699965616
-0.5194445813880882
0.07710411684123128
0.14733070699852288
-0.15635678284390533
0.19494427811547652
-0.053984899683734794
0.0791139016138068
0.9677107639623689
0.07871799124197718
-0.3006899775208084
0.633144108603085
-0.10304902709708089
-0.23165337375590736
-0.3092998166486435
0.13599184486830537
0.248980090377486
-0.04960522513660051
0.4182886995792804
0.028151828027184495
-0.08872284037354242
0.012807849342523075
-0.7720171246172155
0.07825901936106602
0.6243823988483387
0.28456873690067364
0.25622121542717224
-0.7131533817125865
0.449392836634919
-2.3779139852214692e-05
0.23681273140367906
0.059597388064918905
1.1577584936633882
-0.3561059431365464
0.10019450564847196
-0.27504413017687923
0.25185885650131257
0.30984000261844147
0.13307971694155504
1.0347105142465423
0.07565050939778536
0.03396540898428632
-0.07304850084718853
-0.185440709959701
-0.782469953554377
-0.231811433546301
0.1137378027222585
0.14973056713711771
-0.7152952659109716
-0.5025449440942941
0.40828985164806364
-0.6681578347495759
-0.2547518368986562
0.11730178837837055
0.04094273571097737
0.6067442799847745
0.755325053309004
-0.16906806199453897
0.0729169080487487
0.07606925689089081
0.24098716860709732
-0.08613660275960058
0.28109038394400054
-0.16498795274755854
0.574560051605901
0.3658555925078294
-0.6208591950742303
0.1683019790007446
0.16532498233482115
0.30707854978467497
-0.038372597145132
-0.1592525268538635
-0.748946056367639
-0.7387750346706884
-0.30181124880964627
-0.08393470900490199
-0.05537771072389722
0.4949027280383641
-0.04044614743328126
0.5374810615247846
-0.18337220751539576
0.02659181143084019
0.2760399097874121
-0.14116679998771745
-0.2383479738742015
-0.2573353228478753
-0.5473548571887065
0.2347816297783428
0.1791840584244305
-0.6574339811954238
-0.11048735928972989
-0.2714510473591506
0.3536799819354247
-0.5036093995962697
-1.0028270301266802
-0.15208575281157302
-0.006064725892038686
-0.060613257640392076
-1.5885987963932204
-0.09643955635959092
0.18452010144094153
0.1676187603484177
0.577435248054767
-0.37485643334667385
-1.2366662490984899
0.4369773739309576
0.49216653123361065
-0.21568320642584862
-0.139252896025209
-0.35701373684453086
0.0502498508300718
-0.3104610771826709
-0.9851628374688287
0.1316654997122054
-0.2877511209712601
0.02998583327018786
-0.4713540779150177
-0.8185396700507791
0.26953463390399757
-1.0128408402930917
-0.06491877371227553
-0.4421720993312256
0.9522980892112486
0.19694067856129624
0.10043570468678328
0.6942674243215589
-1.0773990055511136
-0.19606054077766757
0.08150499760326255
0.07411204158046222
-1.450174500626821
0.2528252842159736
0.10442727646963088
0.2093211996071643
-0.06815599804912101
-0.6605697144829695
0.33158508533504405
0.09020633668227304
-0.26834292064642573
-0.3223777640270066
-0.7204302649910964
-0.10658221716662677
-0.2855245501143754
-0.10714152600778651
-0.5168145240391401
0.16637221662777088
0.24419815456318936
-0.35673749191596504
-0.8609503552296719
0.21393175688347207
-0.2463343625623823
-0.011361686482761618
-0.4839064146718449
0.3263602750709321
0.004621644957781251
0.3227223284429389
-0.3416631717757589
0.030851577093922694
-0.054990644183203236
-0.28844259833227814
-0.889500398895159
0.1122849123656012
0.2919147060833237
0.541481757636643
0.42846368116628286
-0.023081802141292768
-1.1789781960642567
0.49534477762818174
0.48272097143646386
-0.2223206854942318
-0.47042176258158663
0.6409308132715649
0.004507861136704067
0.25873270801469894
-0.23331395980520422
-0.06041295593928667
0.7664563598502508
-0.19589821475714722
0.1451927449643878
0.32687827368571976
-0.8251996762799821
0.19823335962877206
0.246245411956132
0.4783704150418503
-0.6331346425308645
0.39409850208671104
-0.27232768063058044
0.4982262549275994
0.10378345336747294
0.018014451756416777
-0.025940037277138478
0.5104679897118752
-0.1252693623958109
-0.10414649967464965
-0.9431883698811175
-0.18908321883216087
0.2832487315033757
-0.20539388216442092
-0.29346519666597926
-0.6226584525321218
0.1888455149758906
-0.34052116742251426
0.36035504096233917
-0.17132471238684835
0.40147785775605505
0.21671415440265437
0.1626618377488601
-0.2415237014492199
-0.4547228907911104
-0.05473529668023627
-0.622689774232882
-0.08204672008614225
0.5554063939234731
-0.20150965755195607
0.076199472255111
0.8084335184361248
0.10050463638817994
-0.15172107879125943
0.41332169526251417
0.21994166234102694
0.060801504635559306
0.5272971537321812
-0.07162789941932815
-1.0021523915260928
-1.042533353374251
0.3792441536936867
-0.40954475441007643
-0.0912627283856601
-0.07545241508269243
-1.2722569155237484
0.0715603174238609
-3.2048930565645724
0.03360787352056524
-0.34303450476319985
0.5179184401866485
0.04127208375841071
0.19318506394477838
-0.09334391113080046
0.7021302570218865
0.008018001264923663
-0.7130220074019679
-0.1021695057223159
0.15332874289388085
0.09327843530237132
0.17542804439635026
0.32162052892646786
0.18346519341331521
0.24656561735449598
-0.21525119327177258
-1.4701181969172965
-1.3653243065010954
-0.42147475615270513
-0.01993188841126106
-0.051192807488330244
-0.5042763678254903
-0.09290950962523806
0.2902802073148024
0.269444516829939
-0.6405637413901836
-0.6834560998638536
0.3981085536130454
0.17008852289888096
0.2923410516372412
0.07759118895862258
-0.43850146045737703
-0.09217355809048158
0.3700089488043524
-0.10096764863367005
0.07019284573119008
0.020617910453454152
0.1383892997932504
-0.015960832480168802
-0.2914122826136504
0.7630300089351417
0.6144629200644066
0.166521513164387
0.38295339616380597
-0.26206981156246945
-0.2534732219996275
0.18014708001749344
0.02417338225267382
0.1795137452099401
0.09691873919278712
0.3929834733873264
0.2854070223227697
-1.241061192771503
-0.9971417544006428
0.022820074043098687
-0.13247786396447606
0.3990517524934841
-0.14519858899959584
-0.6697480036491349
0.5008854246145585
0.16314343624224267
-0.3588971287271664
-0.037739537592397815
0.2964502019126286
0.33318410231592
-0.2269377749630225
0.07264550436099579
-0.10277827789562713
-0.13837671241144425
-0.12725597316662932
-0.34147722267271374
0.03273377980491485
-0.09493391931406428
-0.3200735449366473
-0.20598674293106659
0.8154553987621548
-0.0003125511392706726
0.7245579519037527
0.00019780187271276062
0.11025181503850465
0.07936588500508676
0.8798341211770137
-0.29212751907188517
-0.056081073558045175
0.11566321450658953
0.5355983223257225
0.40058439310362515
0.5737452361656846
0.24941949426833396
0.17455029531603525
1.029683282096284
0.24715650738762926
-0.10377867793454101
0.4628416661045739
0.35465559311281647
0.38599327426184227
-0.3176177506003567
0.16572536380412436
0.15221041112273212
-0.3490209788047073
0.15194865608326732
-1.117108282641158
0.17148906634752867
-0.23646086214029918
0.4846458974897577
0.08306097844538626
-0.014168860124962462
-0.04848024266229914
-0.06448741162795227
0.2575565448178022
0.1281820927672058
-0.23466511635284895
-1.3703127602267782
0.38365650212255675
0.11232628802008068
-0.30309360110710226
-0.7371310827358467
0.0501440531488658
-0.153630906843116
0.2516044065549995
-0.17312380410491715
0.8354328770386098
-0.07478799841858966
0.5136227107198345
0.2479331689795444
0.12802167771414438
0.12353863084800451
-0.24443228251718843
0.020769479589639678
0.054731219782501034
-0.004181373242389347
-0.13783432836955659
-0.09552115797946362
-0.07748229953478783
0.07356930944690396
0.16625675597537057
-0.42095876113847674
-0.0190523585274657
0.16919728549608468
-0.11540908915909345
-0.3869002678070278
0.36957572036318853
-0.17019853947309152
-0.28273784498079946
-0.24833229220201672
-0.3482277118914471
0.10752188261476889
-0.3836738606587734
0.34723468336349905
0.37047396653950104
0.2048015425000461
-0.12537172104099917
0.3642863179566028
-0.6412463314571187
-0.0689809696475038
-0.18006748014199783
0.09125845735468782
-0.04851391035310107
0.2825357920216335
0.3662347881111542
0.061978005726086666
0.26539461188747426
-0.5366549889609992
-0.09175819181621173
0.06479567912129766
0.2911873380405
0.8693360428477358
0.06453082620236081
-0.42970316050120727
0.3775004775912688
0.26452474550002825
-0.13967281304866788
-0.19225109499820361
-0.2607409424474628
-0.026689402831999193
-0.2478777109799525
-0.05444550961110331
-0.701668114285685
0.6526506019973933
0.18493792199114586
0.06406746511898972
0.05420810732937706
-0.16657889305188292
-0.5936104660237959
-0.08227559519412378
-0.04960671150946663
-0.02072815431517841
-1.8977478139909896
-0.533159538781962
0.00985199025857239
-0.5909847451724003
-0.49365994188080486
0.5510169275933073
-0.35269281555051035
0.39054083706531595
0.32376270155748854
-0.15300540468637328
-0.3501244728707825
-0.7703004666423919
-0.6758052433405689
0.7258697378605415
-0.6169826277149285
0.39670673132993584
0.45073349368609794
-0.40086514794726413
0.3119397561395646
0.0018676689454753814
-0.5052943590717461
-0.3218974023050508
-0.1626893179977941
-0.22962368971393268
0.08277610006604838
0.37167527621507335
0.03895283526564883
-0.32735324155996837
0.1041448847309466
-0.7335162857058045
0.025069168306509043
-0.014293421986619953
0.27235081553995466
0.1256382872720044
-0.0819846876353715
-0.1606970003997569
-1.3088150395051108
0.0843489594018095
-0.6136770010663856
0.1702135229708117
-0.40206399436380236
0.43982019033665376
0.1055454497229947
1.7694257220539034
-0.52305003703783
-0.2550524714754555
0.7484061360236943
0.13078901515051075
-0.0603914149668853
-0.44706443555138475
0.05746293640846076
0.21833754796325264
0.037855049699667104
-0.03601315906404459
-0.3217510622799419
0.46450724850058445
0.6971022970242823
-0.6827669227009329
0.5154841962291862
-0.451883852989018
-0.19880811194205297
0.018005637708892047
0.06318696227127737
-0.21892781496314342
-0.3153966513705203
0.2152242729734418
0.0008227074272145474
-0.07489552760244714
-0.016303723522769792
0.0216428951479056
-0.06700846489949389
0.49866596006042097
-0.8280464079268443
-0.19052708356017814
0.038642466380365365
0.08821879739761815
0.26166614953695133
0.28518958427209784
0.156216476882964
0.07836211847155247
0.2760210830583901
0.21556174433084738
0.03835689217132829
-0.27483253224761384
0.06906642287538353
0.22920470899450915
0.6251395118391226
-0.5636176585749316
0.27405350834094533
0.9497917230243745
0.45187626704046
0.13242403643963704
0.4697283976568226
-0.09900916984829236
-0.6285708336157899
-0.16483857560537665
-0.6193939873254738
0.16989502059714465
0.06684226102427324
0.20635371706003233
0.4420604479104743
0.44307975335233396
0.4870011658439547
0.5650124977795478
-0.09023217670949482
0.4102905881354696
0.08733918635256463
0.32602615514970135
0.24545612010270865
0.41935013834993884
-0.4681251586215479
0.3215710149616392
0.547380231707686
0.18013567823231388
-0.10557108545332863
-1.1390328496558983
0.1320201997412763
0.04534383504229264
-0.4137622519658105
0.26046358774919176
-0.25737423811312066
0.5790440726914247
-0.41670373475642675
0.10992382060469338
-0.3126632366599015
-0.5039198006608853
0.18250323502401863
0.5361480629403138
-0.41290108908195433
-0.029461760241939944
-0.2763098247227863
-0.0941006089079929
0.35962500265787123
0.2930646675434053
1.1024219386076672
0.26086863154756756
0.15400284554231067
-0.5269237656172115
0.7814844953130368
1.9086708563530332
0.12148833031827175
0.025372074037040976
0.3374754565408026
-0.1115026279815842
-0.3936839806684217
0.016381520957426593
0.15538048989502115
-0.1950939086687388
-0.02311605837163802
0.48860214405160785
-0.23546264800100083
0.24521605790839426
0.3030377883786116
-0.012697535425934131
0.060057955274790936
-0.32792107573522455
-0.7391113268065114
0.04822182421524221
-1.6071425196079514
0.14481046312642984
0.13610427995169747
0.9668115688666982
-0.13741992933410466
1.0185081176016175
-0.10024570669059965
0.37491024044501364
0.6779654494804724
0.08316968044089687
0.4607674703549841
0.2790287163795494
0.34583274305727374
-0.6232069168873261
0.7601234540376144
-0.9195202596342565
-1.4376246330179403
-0.8136912334780412
-0.16381660477603824
0.9077427199400742
0.09226411098054363
0.20411183495712545
0.3532204657129042
-0.1435054479491699
-0.1973057155739232
-0.19263660151022313
0.07675630378732165
0.5293853774583407
0.3003269392236
-0.47028722538343215
-0.20864205579261244
-0.09944146675444401
