0.03368337099063928
0.017016888789316564
0.0823135128881119
-0.022865369280394565
0.11946990672240682
-0.04977622644868579
-0.1434430739504528
0.018420685453923558
0.06858144481971712
0.20685744069357154
-0.06421401430421197
0.04264954808101623
0.03199740548947344
-0.02293562845312097
0.0848743065466841
0.014658238238406895
0.01472052143610486
-0.05664311718895537
0.08086570965628109
-0.044859489390060625
-0.08305095854368955
-0.02325023614392857
-0.04447495005887764
-0.07721372631086815
-0.14353574173797295
0.026758424768623057
0.020264906199991606
0.00841875500839745
-0.10004238704097851
-0.03289511587893462
-0.09688373409273615
-0.09294080229018203
0.02350894547046606
-0.0909403776686803
0.08225029171641013
0.027577074889484632
0.005305039098551234
0.0002185492583959836
0.09931177951119002
-0.009179965907174237
-0.09072263763529981
-0.058640686037891354
0.030570254033316202
-0.027752966148937686
-0.012952049845390057
0.08506361038572369
0.03195358935625642
-0.04108432897778863
-0.037647787773892716
-0.11280874382613776
0.018874147097214078
-0.06892291587669569
0.02605878953843993
0.02595414805306523
-0.0009350954876733986
-0.1602129499949771
0.15308766322980266
0.11800229417077263
0.11547908022435599
0.03476725342821935
0.09829166912809068
0.06461392190794762
0.034299479361987795
0.00018324072203684816
0.04607653849611998
0.002744779971099842
-0.09416413049437761
-0.05029341355849265
0.11018555699275173
-0.04424730623049883
-0.05476874526319814
0.09332612168345605
0.05084529808682642
0.018210939295628725
-0.006796634363217924
-0.004165233840412952
0.024621515932308935
0.0008574976573852422
-0.11731096139475178
-0.10560881978262543
-0.039228800158084665
-0.08065897706198538
0.027174845386132074
0.015009052721920269
0.1380806940333899
0.03288338431588228
0.0030137172062241757
0.024519173770540637
0.06352812773021072
0.04756928289954404
-0.006684845195858713
0.08826701951535504
-0.09548060871655334
0.2128504710130415
-0.04362576275495117
-0.10082466553242003
0.06910625715602597
0.06935402703563393
0.08784817285253094
-0.0949520998895777
-0.054573973714777846
0.10188239768984914
-0.02466447307268632
0.09172444365600702
0.09849961736515495
-0.003797231691015479
0.004797590481846747
-0.03236847913683344
0.04726626335059719
0.02862590436899609
0.09486186504819921
-0.059072321602587186
0.04467235798592767
0.03745462446453246
-0.028031902488534433
0.024865987032928916
0.04728579298007812
-0.06208602934030466
-0.04144193255039891
0.08550544556940803
0.14664971291689383
-0.06988480179247242
-0.05611904178153332
-0.05159894592643449
-0.0017975615686617874
0.009123054799388186
0.019803766357970487
0.04069372792728593
5.242885968531619e-05
0.05897247242044462
-0.07338547579423288
0.03904408661558062
-0.0063107612313212935
-0.004006040967936497
0.1574804137980204
0.023271659078592244
-0.01938695163089038
-0.22635333127412322
0.004430933474508347
0.12288116741835658
0.00021582050609919579
-0.05243716298307416
-0.005989764573148093
0.04599728890808513
-0.12937094664085452
0.010356544888891872
-0.035728829511025795
-0.009190229286363205
-0.04989342217861553
0.03251661156247715
0.04944628266989409
0.012941829118218229
0.09504251304059191
0.02241813877516524
-0.030251905204869922
0.07918602461224339
-0.03949571528051926
-0.04932690134548995
-0.024780862171242812
-0.05710883137709771
0.014108975080470654
-0.12234362202674037
0.03144016036959091
0.04745658044062245
-0.032962616739488915
0.02932341702937863
0.018491458832221863
0.07499636939874282
-0.11154560161606825
-0.020258198399189353
-0.11823548541309398
-0.0883942348785342
-0.03035598183719651
-0.05418917005976337
-0.027453931786413477
-0.1454967995066207
0.01990740057285395
0.02554847243248176
-0.3186744082369359
-0.05480464439970695
-0.08952442139145994
0.05034173382037804
-0.05063729300621661
0.06255878626733363
0.029280137669157436
0.10990024128108572
0.09765768358051902
0.07851303133756199
0.022263670031477834
0.12945457900758212
0.005076988890709677
0.025343157950680484
-0.026854032138687367
0.17438377535430166
0.01377282839002053
0.007422720811194827
-0.12346051659915197
-0.016563345619040326
0.02525961683434247
-0.04525578774510913
-0.016727933877400847
0.027890355020360913
0.06756351415033662
0.007544508551253826
0.03081464700901143
0.015330533567676607
-0.2081305999405893
0.04478673155066987
-0.17236760468444973
-0.05303703638884899
0.09179768865524479
0.06986739749419085
-0.11459454511499939
-0.031151046483215372
-0.13416959527783073
-0.13068775066705335
0.049617075573603675
0.06092380911082468
-0.03074759117622622
-0.022729814612757193
0.08687829653309015
0.050680255040588984
-0.09469222594193888
0.10063016526282437
0.010324030948856422
0.09468304887070406
-0.07629361294809373
0.04442713869330445
0.028922636081443465
-0.02748048502093331
0.014924816354658088
-0.04058549753064672
-0.021184558104033024
-0.06103147008279225
0.03410959987539136
0.05657236531873783
0.01616887630782321
-0.016898944685180994
0.08805461973984469
0.05489538235250341
0.01639176332508102
0.154516259510241
0.0032142428035917825
-0.1345795842884629
0.026193763588697128
0.07238377398017964
-0.021832041661124346
0.012312677414272943
-0.060607114382485505
0.06164176945244498
0.09235102871378037
-0.038493060182445304
-0.009544337586229135
-0.0942874693715367
-0.1221809334574972
0.02913467037771028
0.034031972235213204
0.04880386813218568
0.028091362617841675
-0.0038361652868700857
0.0035859243775391847
0.0029652181562387914
-0.13853966272091295
-0.006723869475011746
0.01618251233015716
-0.04178091400095302
0.07978032477841374
-0.011761185079400549
-0.027293182104257185
0.024788482502275555
0.022589216769727083
0.008833343148990924
0.035178915576843106
-0.11525372534294637
0.1153151300954674
-0.07112427973506652
-0.013138928748080037
0.025744804872756266
-0.05118120747659621
0.14572533636343438
0.032143478120290114
0.11558530941762896
-0.004110541491900654
-0.05468207878949655
0.08477996430434281
-0.07674788482535949
0.056632834514002195
-0.016404486732205903
-0.06866950083385787
-0.014324549798560293
0.06553554806371614
0.034024088587379986
-0.09932948607492648
-0.07009489823722442
0.04929973081316136
0.054163564765165984
0.10153644160706415
-0.03239862243662678
0.18042125446035878
0.0678721092002959
0.03767497210619425
0.0501458563729989
0.0313177991928944
0.06842191409292125
-0.1209969853476735
0.019951463907534717
-0.03382110887922701
-0.01604277702824558
0.04963675662748829
-0.030034931031241052
-0.05412116739545264
-0.01933099046953418
-0.0815608089914232
-0.08343264224231123
0.140961388231373
-0.03620551598796479
0.32750176879604426
-0.12201295882373991
-0.03285612238913299
-0.02876575113561758
0.08261410607130487
0.1368285019731142
0.1513454993652093
0.005615524883405165
0.06231349500300426
0.12667661755812937
0.0721646538610104
0.05475740025827586
0.13331533552915326
-0.0190441943392769
-0.048373671451048705
-0.09037140031899032
-0.08261414826669772
0.058174030790370035
0.11379333678241849
-0.002143266706432889
-0.013934841608239379
-0.1702293798921714
-0.006185493971201106
-0.09576895575458416
-0.0009885316183994575
0.18095986190873076
-0.13849920273535726
-0.020280186387735932
0.0477410603575415
-0.16699806520831179
0.011531310035543918
-0.006584926348913445
0.06134577407958958
-0.10677207721828669
-0.03776381848776306
0.01438314523724965
-0.047142840647100004
0.08653559006525119
-0.052719442232381286
0.041992580660279055
0.0016865506670094566
-0.10861157898263135
-0.06713713635964064
-0.09329956785149401
0.02370226685683502
-0.003448275098001774
-0.20439698004653944
0.04804843760360905
0.020787349326056026
-0.06681826747498615
-0.04624054218353052
-0.11893819893966112
0.006932827508440653
0.14588862931650365
-0.04993317105341227
-0.011576863642775714
-0.02053464079163575
0.08834335174844227
-0.05825558276395543
0.02545922813400453
0.015671625506368747
0.01221536509660287
-0.045365593547159466
-0.02953981125014654
0.1299582349628728
0.032382124850987515
-0.12348985216598746
0.00383605643464896
0.019474053281866965
0.018285550905052406
-0.04456751977281764
0.05856914050330869
-0.06682007585751365
-0.009825883151991455
-0.05298773416786323
-0.07461068710561353
0.028542301572130058
-0.04771397088925572
0.02395424326960277
0.0429219605397721
-0.004521128803243346
-0.09001032316505814
-0.06833018645745387
0.06317528976058356
0.04552813326884225
0.035466763312743066
0.012570197813342177
0.049633569813051726
-0.004397824566219455
0.04957757810498303
0.07339487765103075
-0.05371258162717568
0.011497185516730346
0.041828835214650584
0.08718407473142215
-0.03377430394751951
0.04175600093041171
-0.007490296079555481
-0.059176518436402537
0.014533187379822732
0.0286101391352534
0.06788094912221038
0.03071401736537932
-0.06658297147704778
-0.00017014668750253703
-0.06687493575505593
-0.054017175418226315
-0.02965563952442779
0.011422765237656451
0.03992060540753456
-0.09527140132487427
0.02116814204101264
-0.08152980062837173
0.13575154827460195
-0.016662591796773485
0.007330611628971806
0.07259440533195011
0.038397338087794275
0.02772708703488097
0.04263233727776378
-0.01568848725493227
0.04498597370326368
0.060067361641033934
-0.03472564723047927
0.096846722223698
-0.022729689236348605
-0.019212641271910857
0.008316292614749587
-0.0327149232066119
0.007602888427179988
0.10124208987550826
0.04851919400315091
-0.03884132573381022
-0.012516559294547258
0.03933754846293819
-0.04151140746440202
0.06875195590904953
-0.0021842241643862947
0.00431115702917656
-0.023716030706783353
-0.045624656150806187
-0.05062174590903851
0.042569845874819434
-0.08501972163834598
-0.029055432219911637
-0.05852407375529184
0.14010802869573885
-0.05199931656591267
0.0005014752827102176
0.009016150680157653
0.07503384895983972
-0.13078832404455049
0.05265104802449755
-0.08521668965060808
-0.03272861351273043
0.04632556995372622
-0.03976423017773606
-0.060283992137798614
-0.009458523616662162
-0.059544646846714844
0.018781453623633537
0.04659043817469982
0.056324624972072856
0.012959345176536019
-0.038319100467351486
-0.078978403911043
-0.14171804741819644
0.02683965636782598
-0.08213754885933006
-0.07360884521291994
0.01814130060310598
-0.08163205723750883
-0.006105000821239492
0.08448226380750717
0.07152213135960556
-0.03561786707338882
0.05958316900478461
-0.04562642303618242
0.0390227359920699
-0.0741816230225733
-0.00036355955457761935
-0.029675712698445655
-0.014733516176208272
-0.005215618449384951
-0.01804323224144605
0.1303741450704275
-0.03795241028754209
-0.04808283766780369
-0.0028638375482822886
0.18154696314162405
0.06671727029087676
0.0849480287223921
-0.06458584982705179
-0.11053907685637848
0.15436609519125627
-0.11582545780742065
0.10611130624689286
0.06477833548749273
-0.022197146551847957
0.03549392220135966
-0.08528723104304498
0.045339992097052584
-0.0031428497175546855
-0.09150067514938715
0.03863616521406882
-0.284778775888098
-0.04184617266987861
-0.04273981394223608
-0.013922004731420079
-0.02121678219980211
0.14100274185319078
0.05608897198716384
0.05992292089751633
-0.08651398072325017
-0.10514402891309066
0.018805763649567375
0.05691764541754801
0.04843708800332319
0.0679105311894262
0.13024895665127084
0.01664143675511981
-0.032542889531091246
-0.05778427061175989
-0.008341026663326978
-0.08611984475690221
0.017819787818861343
-0.16438469885846313
0.011745506542280737
-0.0822551344310653
0.06256578664615758
-0.03669896817074364
-0.08253008905756437
-0.06337469827105119
-0.18194990452000964
-0.05893284430905171
-0.01908663882764733
0.06491198020093619
0.08893992610584794
0.02426361021638318
0.026935205007663943
0.08402558150696998
-0.07518698018938447
-0.03287242915249727
-0.04795533887326758
0.17087265129320645
0.09144780172236261
-0.049764373698091446
-0.08286580062375631
0.017102681728623337
-0.05752745528947062
-0.021832770580132388
-0.027754639726156938
-0.060287379756266135
-0.061375739530032
0.015244272337623432
-0.002026950154480678
-0.0038729789328361686
0.027707528560066585
0.04714580675223262
-0.11183655772833972
-0.07409175809915597
0.0329201313333381
-0.08672725974230006
0.010389580664123266
-0.0640208569662219
0.002109681708409694
-0.03965209592543467
-0.01745232664442503
0.04233762644842126
0.1444719766706733
0.039203013948877985
-0.12851221705807142
-0.08583224303900766
0.01162325644241441
0.014285719939370944
-0.006732995461769142
-0.07466793255612897
-0.14919560044422092
-0.03908802880081658
0.01052428892272489
0.0012796177454819646
0.0661501451827296
-0.014862327911952578
-0.14229042080242288
0.019744299237621388
0.006771084955897788
-0.019809873389741328
0.07353731233107391
0.04150879845011751
-0.026615687769222462
0.043634814241889475
-0.042717465002406196
-0.051104086679392535
0.10734840841584409
0.07640538384754608
0.11265066523736561
-0.12623470445060264
-0.07561877764371355
0.04769024599776511
-0.008954669537449556
-0.08161769910185773
0.07938346293769888
-0.10101539407001464
0.0178304068004827
-0.011907655353959157
0.020747621786493753
-0.14794341529494343
0.03009180448418497
0.07387444435659912
0.14821686167889686
0.011117256377459805
0.030900450105008137
-0.06834673694466126
-0.03629600549812689
0.06506034220497453
-0.0908577171218023
0.09633818683512435
-0.05419783332392786
-0.07418277808741841
0.08881798734213958
0.01273417134396887
-0.013331819518879573
-0.05226112377207931
0.14546266672951486
0.03403248423774269
0.036377479645998856
-0.10751800580065612
-0.009131351126501375
-0.08013895241807661
0.0395558735936648
0.018956951329389293
0.04982527138364584
-0.05418483681148406
0.013412570942610558
-0.013308532470088508
0.07173321502212199
0.026982669571993745
-0.0473605892929731
-0.11105316500687973
0.11143720058521273
-0.0663282207158104
-0.13712223537790774
0.12091731883171747
-0.03956387734445971
-0.07405089341287313
0.021017729965454424
-0.031629342966887186
0.03262194037730298
0.06767924223524419
-0.0378649517767255
-0.07517544935915182
0.03255282713027802
0.025662437283319905
0.01383028637136291
0.0015918447812335867
0.004959571731628032
0.1498787581461532
0.07130676282790344
-0.05222209602439237
-0.045370435475323656
-0.022256698930750607
0.1397610317691243
0.051260930866269094
0.07661675574971222
-0.13033046900269535
-0.03507867298083206
-0.1659985025796346
-0.0394872286671723
0.050133634731114596
-0.06120694514845043
-0.010930443326295058
-0.09466385505727576
-0.04034428476354218
0.008631439076215497
0.03300699389880052
0.10438517044245127
0.016206476398728686
-0.023202659245911528
0.23103372840433506
0.10252466444096037
-0.07687012174357916
0.026289034344574802
0.015829848022759496
0.08497496050223302
0.009193823303518311
0.002458652290187102
-0.163410494512008
-0.10145310227292653
-0.02902172627779115
-0.007266742632950185
0.08483300373212238
0.014520351730112735
-0.022736428252511487
0.018719461501552737
-0.01939148300963084
-0.01889657405480566
0.05701801196734163
0.04023042037898167
-0.06788957029879578
0.007924778205187055
0.021021368234988957
0.006874976052605508
-0.10022181300954963
-0.08031363291330046
0.02520110166196604
-0.04803883571644535
0.07938718797784144
-0.006870454312303875
0.08798569943498219
0.004930767685049908
-0.029251765843676558
-0.1235887199845706
-0.07389891148910949
-0.057369792993263224
0.09125846086399642
0.0048891125730790574
0.10799618808912431
0.038686651610221834
-0.07378369575773397
-0.012586764881242496
0.08333576716659447
0.026370314938361672
0.04296103618083952
0.007280939666764408
0.005473538466235273
-0.02002025236804833
0.04906175172857791
-0.002190216077094742
0.11032626898242087
-0.03312421528002146
0.03913873569614307
0.027338541310269193
-0.09352705750748885
0.01678484787328599
-0.020136071234080066
-0.12269501226832652
-0.0011672981033833962
0.09495650481725099
0.03136816187725705
-0.04800050358934066
-0.04672580955809286
0.01999445652622428
-0.05106154080150466
0.13440245989239746
-0.016670701598106186
-0.018966659215889192
0.03624180725729126
0.025964798345704143
-0.03570683713250039
-0.05966139949835564
0.08255573291705348
0.04564667500408187
-0.07032251116560911
-0.1557833187475079
0.07323929951034108
-0.056798746047472315
0.08620666851470898
0.06238656417591543
0.038108769457385006
0.03747537290220687
-0.015065546294066257
0.0035386545794417468
0.08382760013729912
0.04491549857957883
0.055881752073968116
0.01960913470784892
-0.13346272562284817
0.02169476376574192
0.010790501555592968
0.026471668770978563
0.048729522745970144
0.04329155729148387
0.015411086947006825
0.023001914052232897
0.1666986106984965
0.21458514913268983
0.42018965569761085
-0.10473487830446265
-0.05314994637456677
-0.018393244587537383
0.05681680618772572
-0.011273523074008807
0.0026727362246506403
-0.014139921279333334
-0.02703091972016919
-0.05312425436221385
-0.0021369178911338493
0.007319688073466557
0.15124075691348932
-0.04826175383980419
0.06224546234852674
0.007998532054971641
-0.06657722682693062
-0.09654216555270984
-0.022885602078538347
-0.10373536879613948
0.10826465821853098
0.05444376167884385
-0.058991346384841215
0.0683981363611566
-0.021866882406951393
0.09224474584771186
0.018401925881396608
0.12215703815763052
-0.06060007145710239
0.08570853629266556
0.14847851041746934
-0.048338463041926294
-0.2380223568505206
0.06811769404497686
-0.00037395529973099917
-0.008260227281084054
-0.05626278711113647
-0.0922534655393416
0.0020900835203923607
-0.08726387851209888
-0.02722168753155979
-0.018630085099679394
0.032822953503874264
-0.017046940872226413
-0.02995875973368406
-0.06044578759349356
-9.890705857057425e-05
-0.03017443624788635
0.05966411343254646
-0.10615553141654827
-0.043686708214790204
0.1421467722439272
0.008724949461364873
0.051601628591109006
0.019173322423530814
0.06579193850459603
-0.15373717574118356
-0.010660350732943635
0.06459835303352951
-0.03244942216162067
-0.10240035001127173
-0.04520692722089409
-0.04573970783276854
0.039318841944948446
-0.027450975340504502
0.03669410919343613
0.045277403120572546
-0.15623599762342794
-0.02735179418818484
-0.08205899506424225
-0.02437944287061561
-0.060721584475103396
-0.025749672742755025
-0.07346047221983726
-0.01298306560056578
-0.0019414462876789496
0.09372758530421083
-0.05234147776818693
-0.14001403037023968
0.029789131527975743
0.11813383220071844
-0.06883371415306255
-0.10357400728640992
0.057770272070587325
0.005186258368792995
-0.06693237403793878
0.030135623583203153
-0.08186400718585402
0.016908097892386842
0.023579549018471868
-0.018938729325296222
-0.009189713602946792
-0.03988575707905223
-0.012612296234782272
-0.014988853536030244
-0.027355968566935063
-0.009634324629626823
-0.07601739634097399
0.10816959822102362
0.002076195786746393
0.05356345394176071
-0.08220232632620067
0.005265967337661215
0.0022118501229662635
-0.055791404960055024
-0.1470771539804136
-0.04866115346610628
-0.019598365723385525
-0.10115946296661277
0.13599864746557128
0.0787633469375591
-0.09859503401232222
-0.001608831832909885
-0.022188615584959714
0.024543270599520384
0.027266364828624268
-0.06144952288418598
0.001497737990874104
-0.08937438405156456
0.09185913840759069
-0.08178814357060887
-0.012266747984793491
-0.010120565312789542
-0.028962375290741693
0.03603247612719379
-0.04294668151130082
-0.02709329131826682
0.08730513184960903
0.06559352817280645
0.06108701771499164
-0.1182719384078949
0.0671995088208453
-0.03541229220132397
-0.04458737887115366
-0.04700814895560351
-0.03288217254836984
-0.05695367479711505
0.03342841678948877
-0.033157601110434365
-0.008201853263360037
0.07450936530598168
-0.08391723147491453
-0.1577291557794797
-0.1191408884760356
0.058672945410652544
0.04584755608206753
-0.0973980939650389
0.22428100521542788
-0.048748902479757994
-0.06082596253805023
-0.005643730968790617
0.11742197003093141
0.029461606199858548
-0.03013724564044934
-0.12650737435008746
0.02238304172491762
0.03247282407445812
0.10845882986165428
0.03804425853182575
0.12998109079955272
0.030999275052356057
0.03493771390608652
-0.06754486626135642
0.038599729875668676
-0.04395294895569596
-0.043306893847076366
0.10687787100031781
0.0824033433669667
-0.08967571082287978
0.11826937580896507
-0.01610790454420513
-0.08937289482796723
0.01438794329951626
-0.10027320727862626
-0.03392444338687145
-0.004842472282404475
-0.17253845442732646
0.08566993368278891
-0.04089228319233856
0.09335833905691776
-0.13666479329251996
-0.04322211196893283
0.014654178899189907
-0.01627917490056846
-0.0016591897408705925
0.09684023794933166
0.08819674835716379
0.021929075969102485
-0.22398003511012804
0.054058504991894074
0.11886887123096074
0.07994787856808322
-0.006687612023151768
0.04694633449555169
0.08889493367792572
0.08125873299803571
-0.013763052240662155
0.04624188461608664
0.06076248328202022
0.045395084405157216
0.009117370952935355
0.024489695887862928
-0.03699375306504388
-0.07407582141602792
-0.03349783597710204
-0.03934788136982309
-0.0020677749279395807
-0.019995539466017342
