-0.23548979671846024
-0.12670634933012628
0.4915176672675309
-6.581045989190182e-06
-0.17976316880217272
-0.23511281650844143
-0.039798470997662566
0.16448778241139358
0.37809042006209326
-0.10547142961538661
-0.04679547101277817
-0.4139417741264825
0.06517232364377964
-1.0176925257501843
0.8934269811180852
-0.07874986078312865
0.16242703406752565
-0.7267499644338721
0.3228425442501085
0.14368573405851434
0.48125604367776453
0.015754722183905695
0.4180257255358545
0.39179479834770603
0.6130758966458697
0.043131827381498095
0.29514115583590594
0.7690317946641895
-0.022223016028082437
0.6495901697957017
0.6148339445813223
0.003011366012618727
0.32657584560419595
-0.44361987187070284
-0.499226398497295
-0.45170016635882704
-0.20662961008112304
0.6988135790402209
-0.017738796879932656
0.06699007516824093
0.35109350235597636
-0.0825447777345262
0.2846782982194588
-1.1540158562290046
-0.14688289339314334
0.43082510058223755
-0.2410326755687026
-0.14936832237108924
-0.42096781335520916
0.13595571617884591
0.37661814787241965
0.09595641441782363
0.7465057968032135
0.680949790019345
-0.41293601414240755
-0.36810832538724825
0.24260750752611923
0.10968602111160505
0.29010356935421144
0.16383585126916586
0.38102782501476795
-0.2156396765956742
0.6186945826815277
0.13832538921124002
-0.7443805458439697
-0.05967742920396116
-0.3121464525150631
-0.35447097513093795
-0.2798854447291911
0.19095075360162603
0.1366381997845801
-0.3786315478442531
-0.3998433276885819
-0.3444894671674107
-0.5384617895063163
0.25363957732168785
-0.9610067895291589
0.06765557698454647
-0.3887239262120544
0.32955731343008743
0.26106958239926736
-0.22325075548330467
0.3744247862425535
0.3669931954552691
-0.3644339892836347
0.027958516346886814
-0.31956278338170796
0.08032256135657109
-0.3077365603578023
-0.3159826563176972
0.073849241035673
0.015969395341466214
-0.21069726987629625
0.43666942853908874
1.420185321567337
0.33635966181304455
0.09577796248128165
0.2611382590141432
0.2608190863411822
0.02013321692868239
0.045745355092878665
0.24491246735188174
0.18792451902858684
-0.6396084444949947
-0.5613337483019608
-0.349376751931043
0.49422648121719337
1.3984518051523103
-0.1809274912524829
0.04562341714754212
-0.01836954724851672
0.23425607587007655
-0.22634713864000947
0.08580555972653434
-0.263893883791413
0.13815644489130005
0.24566827252465093
-0.13792913660474118
0.1781653808598875
-0.24881554876581738
-0.45224050276888417
-0.12700909645921069
-0.21821629706935233
0.13407332580939965
0.17276968044377292
-0.5731219772440755
-0.6399630677098728
0.015190393267887042
0.3330253713262964
-0.22427869231546463
0.1218929698616805
-0.37623975356747164
0.20503885541745367
0.3072860517044925
-0.029849700110618077
-0.11330057018215092
0.28627739344885217
0.209681201067326
0.09477858974008488
0.2848422038186985
0.0833042082049705
0.1740702235304131
0.43206102490891574
0.10977051677786717
-0.7778752694581447
-0.05391419781214482
-0.4430001714466951
-0.28742459062732284
0.40204401738089
-0.49435105367171495
0.07672475675979559
-0.580952026260357
-0.33683860436007695
0.20132339472482816
-0.15973678613661071
0.4963211293821378
0.12188193661844501
0.10535500030150655
-0.7922965327530483
0.14761682555361486
-0.09085637504612279
0.10285325553089461
-0.3375679020048362
-0.5051850106129044
0.44961441898889454
-0.003241659940772884
0.5434138568368122
0.07938462038750402
0.7100195066257936
0.6509039392466373
-0.014202775395003947
-0.2693404461693004
-1.1370372100703017
-0.6409563687877161
-0.20773783083035427
-0.08139974675163289
-0.20725305843281397
-0.006393965408385466
0.28140006192587996
0.13510497317245415
0.28183374937096495
-0.12707890506942401
0.4850507499269029
-0.473390948487011
0.45439866144812313
-0.3350470406695655
0.0717275291403626
0.20623872716869127
-0.002391800374723335
-0.3991473928121235
-0.36844158229506274
0.3876841754858663
0.08801147775532744
-0.13090176068534567
0.4198355130903505
-0.7404112868364293
-0.30598290489820734
-0.46555725219412936
-0.10483953144860628
0.2705703430309486
0.2177757100537344
0.3113024384226425
0.049579864093433595
0.09716273709808196
-0.2493336016299136
0.07794186124117405
-0.2397585351928381
-0.012605196069655517
0.7055996331860354
-0.207608187703103
0.6270288400111522
-0.3163965088529236
-0.816239017272869
-0.7288598162691963
0.2197607129277522
-0.6252171246781765
-1.378344906136727
-0.9115068673599495
-0.3001238995090817
-0.4603045099867803
0.06668075372514512
0.15885479171106529
-0.3541110010375351
-0.44531999840680847
0.24343952311761793
0.27090296830804383
0.2989232795403728
0.15406000678080098
-1.1897853136937055
0.4306627930449628
-3.2638071650737324
-0.11949101892854333
-0.21041626779785286
-0.026689640095719863
-0.010328651042525255
-0.12486746501038418
-0.08475706821044962
0.016229356634790942
0.2872519314871952
0.45173035985178955
-0.008653585734533703
0.4413842764256567
0.11885445561454663
0.21187129323904305
1.477034088167837
0.5403314737835435
0.021362976253146954
-0.6229920439746685
0.18057603467749392
0.05588154321941716
0.45044569634295895
-0.07232409973284173
-0.26105004513079433
0.012592187420995632
0.0010188955257593724
-0.2159486550831621
-0.03470545075258005
-2.055882086949252
-0.16579455084814845
-0.013664520471755953
-0.1991406258548533
0.20578690589897505
-0.08500988619169517
-0.34736645231437546
0.004474101030114003
-0.2543677169958266
-0.8517636287102813
0.07431700578288045
0.37171495425377266
0.12972493206597133
-0.008751222616889681
0.441353007361556
0.034770709692922924
-0.22205752174614105
-0.3021078479302538
-0.1671787276758502
-1.1582567669790513
0.09311642086526714
0.2517907060279442
-0.13243261327294778
-0.01993421101442308
-0.23224476802989283
0.07108368110518434
0.9705015927284778
0.2642654478373955
0.07985555351723303
-0.2554140236890162
-0.6548941090523218
-0.5170982129384002
0.787403664259056
0.1265329506682605
0.35097667483900163
0.03829547644546025
0.11561287537284612
0.06944925189693238
-0.12157743751916175
0.02267141873683251
-0.14291173548830752
0.6418347225587799
-0.5476527044799634
0.0931042653687165
-1.1345407762684172
-0.16431639802002987
-0.22981152046292955
-0.17806584379062165
-0.6491120416358519
-0.1734798204608937
-0.2228001585313544
-0.35330995848244584
-0.16376662930055577
-1.2124639491148506
0.22064403297569854
0.30999451899952735
-0.3811134034541307
0.1718066672898154
0.15366964004433722
-0.2955971914306287
0.03318850353659805
-0.6877099907090324
-0.03260140190947172
0.12001513614904255
-0.18038061973814937
0.10174397305326174
-0.26385269869627515
0.03712118970240649
0.11363789418552525
0.19316650219986617
0.32815656325245335
0.4323882346852653
-0.15089885859401533
0.08967064374247866
0.8553086785294263
1.1233653942341
-0.3631523873235515
-0.6085286285062149
0.0899885438990363
0.6988364053075448
-3.007846143063638
-0.0692636937653052
-0.36958269621539774
-0.19261425966727344
-0.4783436776971347
0.1367515635414803
0.4337005151003658
0.02654283029789703
-0.08999985971612859
-0.0910422667018708
0.14021785274081186
0.1309509038480828
-1.0084628747419107
-0.3998643999324959
-0.044197128634841626
-0.1921908314193749
0.307341156660179
-0.22108925929461623
-0.16449919114748793
0.006313977179148139
-0.002053548322213189
-2.217619860878301
-0.04908582187367308
-0.11308341818745551
0.06573591513722463
0.3297904493999887
0.6194365413669346
0.02232950860177571
-0.14185561525719162
0.14241632338557317
-0.19608004394577097
0.7420753287850957
0.05488853443514227
0.38593509004083415
0.4274161182692978
-0.010141966396570418
-0.5594306949645801
0.46311731276852164
-0.1875743632805761
0.12443069927690584
-0.325227544780213
-0.27342836360474554
-0.004099278808702561
0.45020193530287755
-0.17978038854530368
-0.312652729366243
-0.08412555899659249
-0.010456816119876283
-0.2324219813519345
0.21553374956555946
0.0059618914137850865
0.10074320783724641
0.1253522018688241
-0.22708586365811603
-0.854517322111037
0.1301912460272002
0.06586266245173275
-0.1487322259238343
0.43435746190546254
-0.2424209006049042
0.32363408097071555
0.21966162132509912
0.6382989515771945
-0.12416355716277142
0.3842726380038862
0.3032745249206873
-0.5653867600862804
-0.48375155807924586
0.36349405925633815
0.02385174308041979
0.15240168977960486
0.09823673471900815
-0.4220535603191343
-0.19133810889651684
-0.06355331463890282
-0.631492051247781
0.23463436365133625
-0.0959126794841493
0.015856301085648145
0.7137839591510605
0.7295572303932313
0.021042429195065132
-0.030210843889363265
0.3272515918503903
-0.15807614530393024
0.0725189658816133
0.09743528084726347
0.09103982863236823
-0.22145083610501107
-0.037787502578637305
0.43262228647425116
0.2500171848731271
-0.14149617192009437
0.12032467247903864
0.3837759813197098
0.12053399149591812
0.17437536051081368
-0.14097947256785406
0.1746974713552881
-0.10924607431162695
-0.17608015956029557
0.2340189020059514
-0.7338109546283179
0.06763010980067272
-0.9949869807896753
0.1503839660873457
-0.11370092999988404
0.29655167529107096
0.5206938230919683
-0.18120174865028207
-0.2075560323385909
0.0694313163243799
0.49089709530229053
0.10577418337399633
0.2732791816750798
0.27466625786614063
-0.5130680345847564
0.7242225231756051
-0.15540347090662102
-0.0864182644788151
0.4232604151558793
0.037042659376035875
-0.24237405126757774
0.3056703502562722
-0.17674176914699405
-0.5144733564225145
-0.2603391475375113
0.26745156885837607
-0.000957132909124192
-0.0967273624553733
0.06391502627022735
-0.13236311959875394
0.3132045525929098
-0.17842360687956318
0.02283221084573736
-0.02239848302089889
-0.07996402926620153
0.11798750142658951
-0.27782911771259033
-0.3552757038742135
-0.09237113848955683
0.06499716750490889
-0.478664150355264
0.08306358509699482
0.050544096486466156
0.44000208476914093
-0.14391914068912218
-0.9639201701229566
0.37735919434657783
-0.01133909643556233
-0.1833809770505567
-0.7272970957272548
0.07877387084188467
0.2752605805173792
0.24054472233969534
0.11738597044740903
-0.10925195803804325
-1.9530991697433626
0.6542302643170473
0.5139463912187033
-0.22261775631707495
-0.4497403228001301
0.06876291927166886
0.044451149434192455
-0.2506070660616714
-0.5849183952600675
-0.07306191287268429
-0.2628178099860755
-0.020705984377272474
0.5148473797566399
-0.16736423917229284
0.30839272503343806
0.06616603028585452
-0.25732246150969396
-0.5127030444269974
0.26365988264238005
-0.3848679569303931
0.18005372995224075
0.3672395185873504
-0.2813736473928642
0.12211792299798305
-0.0905385701962628
0.1018106412987477
0.6677333112040961
0.11307581696671484
0.20707706339467377
0.38784760573908084
0.4525475485151985
-0.2047481335877767
-0.10127583388834718
0.0606865812804632
-0.1331460093033662
-1.162903580210236
-0.24145901830961605
0.23523402696562798
0.03659829529369038
-0.9383802343914286
-0.5079607305774584
0.056301693121955626
0.1862552857773839
0.5189239353386931
-0.07132942263475442
-0.3464157768952333
-0.11795831314812602
-0.078598498784369
-0.3705758363585022
0.5554014504690982
-0.05649897083919311
-0.3133235559939066
0.08502668481714157
-0.4562636388982485
0.15021043256741504
0.016909428102726082
-0.7746841464944422
0.34188098089045116
0.22106570822732582
0.41806468501181093
0.2967271872455556
0.5875499441761257
-0.9341116936385166
0.16039804159336665
0.15185952050802096
-0.0033298041286796976
-0.20131559263153168
-0.08296492347834952
0.24336523118278106
-0.12215130223596074
-0.348893544248302
0.22965121685021014
0.527418952809282
-0.28447515769273857
-0.13961105723636727
-0.37270061099971585
-0.7623852781497585
0.3328614713995265
-0.0033675566915990773
0.6279679735970721
-0.3012248645742829
0.36510343823560454
-0.06766885699069305
0.5108468088194854
-0.16144609197719997
0.023966641958090257
-0.11905145867495218
1.2031200920109455
0.08088316270288484
-0.06965914509302898
0.3447864126389434
-0.6348056507017868
0.12132944947607291
0.35738197676012706
-0.07240114732433792
0.1740880269816579
0.2577108663993374
-0.13371893229226964
0.3108034475088831
0.14068540502281376
-0.060646662073786356
-0.16016212354345974
0.7062646774969007
-0.3303107837404361
-0.4072898869539957
-0.05729078105330224
-0.6836404939031723
0.2601722948006965
0.4007748095105502
-0.4834534999922425
0.40672268512745
0.25039352342897725
0.23951299961078196
0.08389689629155925
0.2585119802502497
0.2672977519190777
0.2991357668681064
0.19273953462625468
-0.10585282175093372
-0.2226741640809671
-0.9431915524160158
0.2049180250257042
-0.1588609886508047
-0.01953696162932697
0.13741224704565078
-0.8133143018761545
0.1299328618220644
-4.063731184669333
-0.6910089943337
-0.1951511522314934
-0.3934347160870316
0.04058243772707812
-0.17927353529195092
-0.35705025483678077
0.5445553777575175
0.1895352226922061
-0.44533359450784016
0.11096545063457905
-0.3004733741698521
0.22598187091104713
0.09828928533431455
0.4018451334856782
-0.0798680533564983
0.12427967116555924
-0.7326457008308617
-1.3946124108210693
-1.8567179635325914
-0.47726891953860495
0.09275234067449997
-0.47599902387648385
-0.5124454777095365
1.1533604538882793
0.33912545219000634
-0.07648000135678959
-0.7695458126182092
-0.1903304278239816
0.07889768826634733
0.17147881683969665
0.29465132392392
0.09890945578072138
-0.29611374788439904
-0.24731346710407212
1.5920654626622424
-0.18009813681396572
0.18475675399715716
-0.9249595980872695
0.12473964339173702
-0.1770759739726319
-0.08499851054893007
0.4784452492356118
0.20422707255069192
0.023063896911320686
0.35130585707162465
-0.3412814967582404
0.64813549890673
0.11248826176223833
-0.38240079118684245
-0.16498818049838895
-0.03789947557975029
0.06674872744078439
-0.09118662507731581
-2.4187388213865075
-0.009568462673667316
0.3498772546413561
-0.053715708512802746
0.2822449052251014
0.10888816696385248
-0.45502325148323053
0.14105904704183278
0.24501391425761984
-0.04539139640838666
-0.48852305465780177
-0.02417783586627134
0.5596981474200359
0.12048501734301617
-0.16789722335596405
-0.10676225870914471
0.20182231181033114
-0.2613519267577661
-0.47895462137164835
-0.3617977450627913
0.08218319858279574
0.13560638362761165
-0.43084925042367594
0.7476858241281178
0.2463300106416931
0.5474352157055059
-0.13011044661101603
-0.2121474461136225
-0.10524703463050203
0.4292930139191825
-1.4938590657577093
0.05034846979140792
-0.15234971990496785
-0.058976625632198104
0.3180288575406064
0.37049085232715784
-0.02514673685284144
0.10014916359594736
0.543791517134168
0.5301270812656477
0.08464748710468992
0.29543522893876617
0.579168472051406
0.26348229259075084
-0.3354302835555575
0.3798756316548849
0.24841522993155682
-0.40557041815364203
0.1372701503260448
-1.295678985176749
0.19739366611846507
0.09056228563172727
0.34385057708047817
0.21899592233876217
0.24862084191064224
0.12224197006324186
0.15963455106933985
0.23247354888346625
0.5929558047351734
-0.3649331001344468
-0.6623373411575894
0.21611429375589072
-0.04471725668649032
-0.8080032986491871
-0.53288742208197
0.0017715811112485047
-0.007673000846217443
0.2613497919189446
-0.21567807324631408
0.7816779195677478
-0.23215086707448598
0.4176723951320803
0.01367155206270429
0.29376713609463045
-0.6086487594224305
0.15788226349097986
0.1765715404138891
0.011585127212472596
-0.14263785906892426
0.0970413460105862
-0.22909643382697778
-0.0256953618808681
0.11372276913181686
0.47829998992244505
-0.3370598955771321
0.5549668843785133
0.07083345075879763
-0.3155561043847036
-0.2851778217675417
-0.07579445641164032
-0.26685929401129826
-0.6070949416988506
0.20030205289405764
-0.5237558444454492
-0.14543246037331495
-0.3232593426762388
-0.26779572686738506
-0.040769480670722974
-0.1912506267318578
0.28051908465426834
0.1975450903063359
-0.2470952134544621
0.2100620133174241
-0.11527201420209213
0.32654510792885716
-0.37961800625400877
0.42852154770678774
0.28773394055155355
0.5857742985431454
0.1186200734636483
-0.05881828256549251
0.05646179866352061
0.056784648502278795
0.38431556218799956
-0.14786723908902358
-0.14713854941186058
-0.07658794388485171
0.029203171360185326
0.028299724759372896
-0.4238498637322571
-0.399158855931563
-0.4573961129974268
0.13473849700200966
-0.24834068534713052
-0.5927558090057526
0.30259147534230546
0.41591144029630633
-0.4159673438191841
-0.23483081580905388
0.3739495482385572
-0.43719058152401413
-0.38077739153165713
-0.2033459903720888
-0.2131006302556894
-0.4535268071543438
-2.090808684688337
-0.4138175194473376
0.6023317625283849
-0.9323008202244228
-0.10411584190963522
0.6143629029956362
-0.9879384631173703
0.3280117083100319
-0.3482374721269895
0.16954677412184513
-0.10653686931212705
0.1571525497960907
-0.5342082614304103
0.17310207962298282
-0.41165477258347793
0.19388022666178525
0.3445817978116704
0.16213380789132734
0.23459660674871005
-0.008154897836766178
-0.539731732673662
-0.38027826813356536
0.4349378315789404
-0.27213885655781767
-0.21784541424580275
-0.45373255726764417
0.808837344522331
-0.5703752580490883
-0.397094713961646
-0.2350672243502753
-0.03866336743983659
0.07430417854279944
0.4199582273494852
0.1697976876639594
0.004228185713510552
-0.09337060456161708
-1.356516571840528
0.00423143897233999
0.18881562710073116
1.0220435291196266
-0.527509358462683
0.2293940020954198
0.3730981059027102
2.1967381843578826
-0.5986714809189512
-0.10377279877367865
0.17991415400021035
-0.22267839921222357
-1.294152477808234
-0.4640819253583591
-0.15474120258099902
0.32470440192533345
-0.13465781403623214
0.03934064741537288
0.015374537184297349
-0.17200304404310454
0.1472478895743546
-0.36249568517412556
0.05026614905554791
-0.14420711232595554
0.0821742441934051
-0.18839264754168208
-0.15489537336604645
-0.24606569125206815
-0.40127777739905846
0.16926941076780308
0.19499070847573727
-0.0881071536461874
-0.3357456728280336
-0.2443734397816232
0.06100892429244306
-0.008175912742620778
1.3630531048713161
0.23984080254848625
0.18804602587235694
-0.12850249219595003
0.004228911454230516
0.14506331175407436
-0.3646340184882665
-0.07208814501480379
0.567795453254666
0.06462911058069207
0.10261684548453051
-0.9781914658209895
0.2351227768007725
0.16502249955295575
0.6709970449306287
-0.1434672909387539
-0.6380483466062056
0.3141972118535542
0.19773163054589968
-0.34746157473443484
0.32754698859383324
0.31635522482924194
-0.10909519073626797
-0.05553559686396184
-0.28236436730616055
0.6337148218130656
0.18294913113283226
0.3774176223206237
0.2485430919020278
0.21551444532599082
-0.2217480468723402
0.04894179648473437
0.03303779128824655
0.3132463128538435
0.051191316543460846
-0.018585319983186604
0.28611100895158026
0.33801361053652
0.07546110838518402
0.034382843761305376
0.5529392594753356
-0.15189310592118002
-0.19451929995734987
-0.2441169174323338
0.24721034637173553
-0.07946071305343252
-0.45874372866612145
0.16272954100447898
-0.16438567540647334
-0.008410552971336444
-0.12481908267497147
0.11112089098183006
-0.09883736091520415
-0.5703400190666114
0.5517962806648681
0.043131376561562046
0.7236433030737556
-0.3202495688818444
-0.6142497210725809
0.29621379105880175
0.5405747563605229
0.2181428893897007
-0.13553669112929093
0.020027491562729732
0.34156804753377445
-0.10460816093833106
0.05359305691989244
0.3172777644244861
0.08239713422566627
-0.7000477581411936
0.44293469824783116
-0.04495340471295442
-0.27217381678949926
-0.02440368648748517
0.08478875909335257
0.12266604556373015
-0.07501769253890359
-0.10849238814840692
-0.2627638248741607
-0.10888837469188353
0.486497675552216
0.059419409066196444
-0.22619382329374474
-0.15155498017849314
-0.34452342542225634
0.5959104588692442
-1.8066088410540193
-0.0682154856579699
0.12772147539055187
-0.2698770615109788
0.1144985930971075
-0.21621146391031246
-0.5001087166192456
0.15756971051090293
0.3414624499892235
-0.12851164938149864
0.3020281328950999
-0.5139022988382235
0.44859269205437513
-0.5924312420163559
0.4782123878925292
-0.005699206883743063
-1.226676857871179
-0.25442274205684
-0.5142679170569117
0.11373756222591233
0.39704453404584494
0.2389556367230745
0.42143479772510106
1.0562779766184567
-0.07838617492827163
0.08441291474399101
0.10188170172928399
-0.16338819615571323
-0.20021600881383309
-0.20268203575651458
-0.2168514929840867
0.28223522658795097
