-0.13422806794737013
0.04473471820805802
-0.2998439426858854
0.46524333244211885
-0.16921490398207334
-0.6013024989431899
0.306803593147746
-0.13757461744382166
0.0066499571423737636
0.113339702090896
-0.1131702314517215
0.4231712145746745
-0.5845651474090858
0.555488864265453
1.41139677941428
-0.1316490096164728
-0.15372413564899995
-0.3344961125246581
-0.112404468104299
-0.2232824782418365
0.2698791528596601
-0.8259847392989164
0.1760294848037805
0.05698989969872198
0.27767190842660977
0.2972331790630523
0.14963126850026992
0.05690483371246963
0.22566689190132166
0.06868432978933253
0.3226931536262106
0.23558306632682285
0.12767646017468653
-0.45584692546894473
0.1241064195078106
-1.0584300551504078
-0.21107142827631836
0.4998826858025423
-0.14118634599797847
-0.03358284521352445
0.11900649893231435
0.2900191213124628
0.015423335007126282
0.3936492585551146
-0.2619481135329615
-0.4148553437555386
-0.00812044582547905
0.3841683551613762
0.04346150014933908
-0.023544519015489873
-1.065257446903888
0.41260087708387766
-0.09475634005086458
0.7550782022753819
0.2566943715701498
0.08868669344030305
0.349670433699282
0.20610383366475965
0.2975741951946829
0.5616151916242731
-0.351718310112965
-0.2764877750945644
0.23747467377961012
-0.4102384893384587
0.011976166792974363
0.04381697548070346
-0.13256075181211674
-0.012662720068530253
-0.47259996176105407
-1.0555770917039795
-1.4180110362940392
0.7877043587465908
0.4271266467142483
-0.20667588180201907
0.04519537596833839
-0.7825312966554603
-0.1677193941586385
0.6567313555054013
-0.1783835971888021
-0.4114868731421119
0.5179424146790412
-0.06955048794343316
-0.5512833391871674
0.013246410287979737
0.2314809906371989
-0.052816744549316785
0.28647139202124056
0.06518324385242963
0.307336812807447
0.6670715186195522
-0.2853110424432103
-0.44069392568690263
-0.34844490813597545
0.4186459627576045
0.006736864104051998
0.12559798012119044
-0.06523757987555484
0.3055192052988383
0.5938451984080522
0.49537909150747833
0.09588605361241204
-0.013450629754032162
0.14523232531411306
0.0954822541784171
0.253496133475069
-0.2655454815953197
0.04805784692020293
-0.18164833889310156
-0.15652338640873337
-2.441167431814956
0.41688157003308174
-0.6172375739675027
0.36373579113243665
0.44453917001575644
-0.27342465412865063
0.042569345406965164
0.4633359875486565
0.6720554503691445
-0.6566462232221597
0.30034867602844845
-0.2972113718384563
-0.7509369452518393
-0.17164854027295678
0.2803422635512898
-0.16574838716102785
0.8710770733129114
-0.09058275214813033
0.5964405235574772
-0.4825364542899892
0.2723962529627673
-0.5416518223759832
-1.515849513258658
-0.5780979435348788
0.07524050088298112
0.3356412389980235
-0.39487340766134377
0.33530452830336405
0.5384856793247068
-0.14745766876561323
0.1313777105248231
0.3916100489838255
0.07946864475787191
0.11822610382769
0.23908139294660163
0.0316644212665636
0.27696489321744405
-0.14449255515309284
0.02006672919653335
0.026725216954345543
0.8420675141527245
0.10075478679488908
-0.08613669787893613
0.598219557264517
-0.6004108043033471
-0.021018895334879273
0.3206330314707429
0.5894672765504732
0.06740233198449236
-1.2591104308229828
0.5536043112730571
0.20268008266167087
-0.3045365304550626
0.007411819565838196
0.41172938991422253
-0.29935994799355464
-0.48962074323173027
-0.29861868137279796
0.036403964143546796
-0.31025090995327104
0.19032716222154572
0.28262909967826705
-0.3140974518226671
0.18005004104374583
0.003234056609912772
0.351164895855074
-0.3460581683422776
0.28969465103814246
-0.23893412847525258
-0.3197568385567728
-0.26080623434068645
0.2940998303659846
-0.8063998831886505
-0.0215945778820838
0.14051560034586835
0.7950376361089133
-0.600226284836558
0.783301338539482
0.3380423758763445
-0.03421346981455148
-7.563156001472171e-05
0.05422612678190447
0.0024983770304510267
0.2793748415423845
-0.06326501257791989
-0.243678848370195
0.011112216855349966
0.33737680842521917
0.22609251675969372
-0.015243761597212246
0.3134941549732591
0.25482154322093603
-0.424073494984825
0.09086290581888173
-0.179384809515938
-0.19812304710111078
0.17465529934692153
-0.05590102209149256
0.06374232517039197
0.3616990867967878
-0.02212294934880038
-0.13119069760203533
0.5729211268906034
-0.46812322819621904
-0.39801832709239043
-0.22167841958057227
-0.13460303213052288
-0.6861358116454954
0.5436122167708741
-0.14745923687258194
0.2883586591781176
0.4111021318718236
0.01320328403093779
-0.6068432070435485
0.1040755730745127
0.22668781264792198
-0.6776122292924271
-0.1000191523129405
0.2787501042009857
0.011684781447888037
0.1718469066994604
-0.27987274084571684
0.09814588582227796
-0.15620288987620484
-0.24273149489925533
0.2992994904016491
-0.6824152093492803
-0.4633274417088224
-0.0664040949337496
0.8845904169585341
0.32664284731873533
-0.2712138766494427
0.2240889703911964
-0.17461487943396253
-0.12678200778519017
0.16014137139187185
0.0112708566541036
-1.1820796530466464
-0.37343304680727346
-0.09162438978538784
-0.2778584394043872
0.5005142664630688
0.41044145720230235
0.08851220164950885
0.5293605620645976
0.11140421669781514
-0.2796768213402427
-0.26722508837841014
0.7377311919644352
-0.25252820063904474
0.03138260793263431
-0.06066919795885356
0.13369546106786118
0.030375618939972038
0.45012806657677246
0.5859958008361525
0.9540760627556018
0.3441476002850031
-0.4793681798822846
-0.37432154107213517
0.12911618971514255
-0.1780011588656491
-0.041498003905139524
0.6340549297400586
-0.14152719889784343
-0.31674002595366296
-0.8956191175916826
-0.2638672678454898
0.26752668593253454
0.556448604055324
-0.4059725695723117
0.1417564298382073
0.1627277086490167
0.15741131674307823
0.18918977657187558
0.13943797530713514
0.2535740362270286
-0.029679000227765984
0.079510146367952
-0.048816371055072805
1.3570830157579112
-0.6920583808643737
0.10792299531243815
0.8706213013785606
1.0143420849551714
-0.33839489476719326
-0.3299089571411877
-0.09066396600258558
0.04263240684400166
-0.41798126791961326
-0.4040822666994876
0.20327103328337076
-1.1872296778138378
-0.9283954942955357
-0.02019945660177419
0.18606940608775308
-0.3123761515307594
-0.039363055698770244
-0.026670645117710057
0.5783527534008512
-0.22516081360215828
-0.6127411666111429
-0.05833986491038917
0.27921240938362996
-0.04614416575671293
-0.06131468450391114
-0.4268886909044824
0.014022414997141797
0.08076250135125879
-0.6191506555741655
0.13146352384943244
-0.4800288808223833
-0.17680824793804056
0.011637393519769612
-0.10253293364833754
-0.10264754063672793
-0.51723783811418
0.18612867490336665
0.3808265305599146
0.028565218497866918
-0.026866151637559843
0.06783333387008877
-0.48572224603062514
0.00023486353450291597
0.4913341305453112
-0.020645638630448493
0.13687964629575117
-0.6225631444573883
0.31844834492780777
0.519730018305919
-0.26338141683769795
-0.1187027744799169
0.37642753895069664
-0.2759485811493189
0.31745115990805456
-0.43470275328499003
0.2539144981134292
-0.1413398711354063
-0.392537827641989
0.0695122544166254
-0.33546114251709674
-0.26524515312072733
-0.9489946298590661
-0.40047679585046086
0.2007728633082731
-0.07229363303213215
0.21168247739591234
-0.004995998726041895
-0.024924519364333653
0.22662298040690093
-0.09477674016908327
-0.2951117442470878
0.11585137337778556
0.25578197415572174
0.2803736887868467
-0.043987309371606054
0.2806886466291086
1.2406306470414932
0.34281520172673813
0.2506611938562933
0.19525962562993288
0.7960095403938214
0.5578987841248932
-0.406717125583079
-0.11727353309878769
-0.10468375569786875
0.5233972935094209
0.3769858455304163
-0.4434066371215248
0.046455842110057655
-0.35323296747351857
0.7858050193103208
0.4047007220430879
-0.21508345287205483
-0.3784386210859804
0.4698942806790582
0.010472162709392274
0.17148627471118255
0.21225645208324
-0.08982303886555026
-0.19486961942422315
-0.0022360963865541428
0.2613907950530439
0.10113419910114413
0.026979326704031303
0.10420141022679413
0.2669213930382775
-0.0494160167676862
0.15996847666847597
0.691683005463497
0.22697612920452453
-0.3858665419571143
0.3679727734048846
0.20234348848649614
-0.10715125732224035
-0.2072233786765753
0.058528775848377956
0.07454714998230211
-0.4184670594293522
0.03501803224344574
-0.3953807366745065
0.17469571631905328
-0.1092111040179699
-0.12776006465361406
-0.40283162966413005
0.13362136711289724
0.2289649350510588
0.09634782442469408
-0.37172203121542186
0.4915776187753487
0.14369354748825952
-0.1146053593166107
0.25095822528438877
0.35738014013386415
0.11065188642896612
0.1099225841284937
-0.67710356143917
-0.3133421253005148
-0.3299715712399602
0.35439117136023907
0.03154077529913618
0.1976613827738692
-0.1202642808962539
0.08767311460875687
-0.2852795483435639
0.13527309891469091
-0.2653270068493722
0.1748269147761064
0.03708453957686114
-0.29453974024258883
0.14739261899943795
0.35510830209922745
-0.04180903444148759
-0.025484770526580325
-0.18640264362847553
0.012968114197763614
-0.16544736000915877
0.45106882633815554
0.5191190586164773
-0.17776398791165476
0.1218889703448896
-0.2061784078887911
-0.25342294473409804
-0.1456188188589596
0.14769690585215806
0.3425457021898662
0.22147596451517298
0.06744179342191764
0.15333366047941116
-0.42627210375914476
-0.1336316921845228
-0.2107937946940201
-0.08014578465950922
0.1297467101864745
-0.28918065695468503
0.3394529334157302
0.049327331168318056
0.47486412321224997
0.08351146689991712
0.47312341773519556
0.4439015249925898
0.038893259914095035
0.2787689221407717
0.01828522234120339
0.06755596876613273
0.23278618820363
-0.16042400782536553
0.025375478935892704
-0.4068536944066334
0.20867850756206813
-0.21121972961745822
-0.08649047691105455
0.15578202955460224
-0.020583197755491278
0.7663682355560342
0.06714460423374252
0.29130744841947337
-0.638515295651978
0.1006231154436033
-0.14063723270212786
0.7870643217247681
0.30049230435255364
-0.07921641927228457
-0.048610252342509985
0.2944648542036635
0.07189038354058092
-0.878631949286437
-0.0045172533866914555
0.5540915229832222
0.14078715632265
-0.08130681254148303
0.054130298235208374
-0.43624531192889243
-0.8009747412255188
0.22439731157923287
0.05039687132043863
0.23489411008791056
0.1484737089912201
-0.3480032897239184
0.631875228316698
0.12615830549794832
0.319988222095192
-0.572757127921641
-0.012786285810401699
-0.05225522564868473
-0.10335326434674424
0.9926223948976207
-0.23966971613359717
-0.8104753675444507
-0.055758903541465565
-0.406079925243278
-0.08244998297090106
0.27281599900579995
0.18517208039292538
0.6093116434254813
0.3440978956414465
-0.38905716871706714
-0.11287012090884446
0.09964068428274292
0.8266213847042034
0.04381962624576602
0.2204918145897135
-0.18596777299795048
-0.21322548526250523
0.3722772336443057
0.4499347995200736
0.05412992523733223
0.057692671823488306
0.31775021064964687
-0.5692236199300189
0.5335077240907498
-0.2080199710824972
0.3547994228538989
-0.1837554178166702
0.056553496094340405
-0.006843630097352171
0.6417622912660432
-0.4685792030624573
0.05395326884396173
-0.06414733169624781
-0.13244242469692974
0.5115654191161334
-0.2971391031013246
-0.29340849002285413
0.29084446452619034
0.47118869489937293
-0.06662152182240838
0.03835923984592943
0.9661133464472011
0.12979022016552794
0.741304473313638
0.449360164387864
-0.5570582098138162
0.32464962446301865
0.019379188768645028
0.6384398546343699
0.4052111746053538
0.5182729687018246
0.014034962510773463
0.050292146951091576
0.40034298567664633
0.16385673168678278
-0.13702528613013815
-0.3587561953746942
0.26511686886685976
0.059582679882777934
0.3251632574238568
-0.3040531467868592
0.04750815294443328
-0.5113048174404988
-0.5141215523740539
0.04517814032855011
0.0672343006370722
0.22542726180671974
0.007650713653120145
0.22472257326105544
0.7013039645577699
-0.8534156922219771
0.11509071063749016
0.01389876847650623
0.15979474205485383
0.2563867876348725
-0.4680612148879419
0.08318305704371426
-0.634223796600242
-0.6175154789469621
0.5200093431825397
0.5003127502947415
-0.26299469732060426
-0.6558599970809884
0.21853993157788093
-0.14245679383886628
0.26616979164732296
-0.1255352349472782
-0.7901005489059729
0.05856729021492374
0.31064988184974546
-0.4238432891296288
-0.0806334972375819
0.02273321604282469
-0.1360799218427275
0.33484472050798747
0.3797191744052238
0.012350658197154696
0.05529005670758519
-0.6862840368479608
-0.38032955598718526
0.15419891388047496
0.1520028279447732
0.05961527761866853
-0.06756001282489915
0.6430837087219685
0.266353255141556
0.8034463676749408
-0.049867602491590224
0.0949083831402589
0.3596293266071338
0.08438484199027801
-0.16995624550964145
0.280815287387918
0.3214620505983859
0.23302953153992118
-0.3708678929620212
-0.7962713730395756
-0.39893946523556995
-0.6624174815031298
0.0627273518607861
-0.46794670038400715
-0.2527256481016739
-0.35121016206998273
-0.30230937223150395
-0.09441187038562776
-0.6078027610959249
-0.36076619422919837
-0.24559486414241355
-0.06213695978047745
-0.18633469207709868
0.05335167315143036
-0.29531496574303734
-0.2280298834316396
0.31895422871293505
0.4357595924399094
0.4553598694552861
0.3878968265500347
0.08079761900352717
-0.06037640358011148
-1.6489825713577448
0.2980333499020729
-0.31251735014540966
0.17426829854028197
0.011328894718494242
-0.4567978270816408
0.0061198204304200865
-0.6170662166774492
0.053286671613604286
-0.053243889657780874
0.10092069924656549
0.3697355388269635
0.5975948118639223
-0.11456178259672217
-0.07686188067536176
-0.3923494756529919
0.160225556418312
0.003767221972710344
0.09911859083608793
0.2894160786877323
-1.204135207625781
0.21626083384973566
0.4392236175021514
0.5659323191743737
-0.1541808770592809
0.35594980535492887
0.3097802824865919
0.2022018874909542
0.30933482317732125
-0.18659430567126506
0.395890476259488
0.7014208296921587
0.3861760149194811
0.05365150021983528
0.03476624932292577
-0.08328408761911316
0.9102395508829715
0.04355054116775531
-0.14863403402930192
-0.03483554689075813
-0.1650330897880869
0.49270336316415847
0.6029588682604667
0.03487040514003109
0.24068999704477673
-0.22935096027780494
-0.08597704849946902
-0.3227703521605289
-0.4239059028940732
0.4910346671301454
-0.20187846394934889
-0.17701089026191535
-0.04785407033324102
-0.23760065895218435
-0.08697482411970942
-0.046823427181983346
-0.2736300677444751
-0.038966139315691206
0.019873458492927265
0.10900378076806799
0.7159698390356142
0.056478595967130396
-0.012241391216161579
0.1505615388789701
0.3649850348722193
0.0196701890043261
-0.13954320930373826
0.04298921799100369
0.39354921232459145
0.2638962141461679
-0.3875940581436014
-0.7040401855975351
0.05203341954761026
-0.11517975375972472
-0.7876033901257196
-0.37952972083178554
0.3514731230419464
0.11319492689561056
-0.3694177973044574
-0.39863681214208085
0.1899119106321137
1.1066585553385204
0.13297356223644868
-0.34051249093288
-0.5326701463524368
-0.5301182808079345
0.12998926402433725
0.4232741597845862
-0.21047336015029255
0.5222962239439082
-0.2091151238776469
-0.5392885982405553
-0.0025520413667529662
0.21148324283398307
-0.5233956307551053
0.2588281635234014
-0.1111682428686191
-0.4666866191562797
-0.24887791206678628
-0.0638852906630673
-0.20841455128358172
-0.5184197188938267
-0.10392849555585787
0.26343013742197524
0.1434294518498978
0.1340110972072029
0.46056453157745164
0.2933311274402289
0.09651306195096826
-0.005579595550829486
-0.23706499609782788
-0.0457352487646408
-0.339046446567782
0.07402812149588961
-0.21461817676477185
0.7247814035004043
-0.30722340276347854
-0.017523804750578992
0.4782505416320802
-0.027499814964051905
0.30124695230042914
0.16921553478263457
0.13611132703063472
0.8161899944974951
-0.2565298642686841
-0.3600650645957288
0.4365026740786551
0.1833592766265562
0.43014348656169116
0.34239358970847317
-0.38665778980531446
0.2556670006319944
0.09532518507808035
-0.5950005227763717
-0.1529778831425807
0.2976693190702205
0.025121788544284984
-1.482570154416075
0.41312025830305604
-0.9177268438248842
0.18567403516307618
-0.10259145518265494
0.2375656152547681
0.019384959544214875
0.7261117957084262
0.10129677948076449
0.4623575468270498
0.2249452352216435
0.25829030343878184
0.3620803435520457
-0.4646087901346683
-0.2013907412872435
0.21039534642151697
0.38551177705067247
-0.1490562907212229
-0.8604752481393376
-0.28184631161847634
-0.17902804261982158
0.36545504932448797
-0.04333274841538909
0.0491559619082263
0.15403493146356745
0.4280156188945657
0.3986882112886146
0.11626289830670938
-0.6932863321546008
-0.04244998042412046
0.3504446383451643
-0.1176724310876835
-0.13823446120268773
0.5406447702287533
-0.1405004173995254
0.040446136320688775
0.34520412543349327
0.5682349016008752
0.1232418145389978
0.34888671710143676
0.5886386178806613
0.25917628236217777
-0.32073001153455055
0.11889836062109144
0.01990234763745763
-0.21206731118158023
0.04818903713757797
0.18290182827413798
-0.02740286727028035
0.11850034933248149
0.373440702292474
-0.19336529235972438
-0.1924055873265184
-0.5537621320939956
0.6352591278874105
-0.33296760923527774
-0.6502352056804468
0.5537938851811202
0.19634216062644289
-0.9248813754563554
-0.5385626100486205
-2.7531064734051065
0.6394368689189593
0.4955376104614478
-0.46374376779869814
0.6877483629676235
-0.6470134629227808
-0.634512837492935
0.048115047276487355
-0.10319212291460417
-0.2754829064819035
-0.10340907780811398
0.8790929928079658
-0.07053047343074187
0.3208768192632368
0.14831673121862538
0.2569222209963909
-0.18136534950468425
-0.3442612554250783
-0.1200568493010638
0.16047650070312042
0.03414173273447002
0.10178298298886684
-0.2632553909372572
-0.43237773150471565
0.13607166785868824
0.4455957275735272
0.07309230923452908
-0.5995753494955152
-0.31459326125332904
-0.05530613328618855
-0.10545724575213139
-0.06998710125159707
-0.3804098716948752
-0.28332412360491904
0.028494847005655688
0.04932513141146316
-0.1686449511013876
-0.26416727098129694
-0.1308936232182602
0.3908059639143269
0.6866316161766108
-0.6209116713872125
-0.22471530748307383
-0.47780432792366917
-0.5156358881564289
0.07438848626721178
-0.32319438874396095
-0.44233138216709594
-0.028695467712515244
-0.15256168549884558
-1.54850925899561
-0.08264551225720801
-0.1419119628388263
-0.7011659022360326
-0.3614925052633144
0.633881235057252
-1.5448948141812804
-0.06352968541539677
-0.03382802276264879
0.19700389796338197
0.06375604441418564
0.9485032079995377
-0.07619243205325649
0.5074485498009849
-1.3216601037511118
0.8620751773201643
0.20644880193872123
0.5648686139378927
0.42938486402126347
0.48689658489793614
-0.514456727832505
-0.06167309471474741
-0.16079255009144727
-0.3578755689346153
0.11729864861051947
-0.13848960420815043
0.20647547636606195
-1.2330459088456283
-0.2075624863263052
-0.3594889198973927
0.12537992647791524
0.020040827430136743
0.4449331989950705
-0.4531278501861657
0.2998169447374848
-0.296364181372708
0.3781586518983531
0.006236736692259381
0.3958933868797972
-1.2646023865114047
-0.302779501355495
0.13002257774449572
0.31171495902905694
0.16916715220420248
0.006621759283427731
-0.3266652722674354
0.1212235562430713
-0.1749665197482177
0.7807714153792289
-0.396181296678574
-0.6482337202368897
0.012719824107526423
0.01474153731313127
-0.21420685312354099
0.1493432942994573
0.2936620380304205
0.5605922866443538
0.11285006489283461
0.06144322614647063
0.37147984267698636
0.3296814027342761
0.07696672559038437
-0.09582062945108877
0.47107298960548777
-0.05714571641805971
-2.2145088040002316
0.4121694367542364
0.23386013733543326
-0.7452340003487739
-0.3011709221701406
-0.2063405564380471
-0.1893660004065167
0.23312773865503328
0.23081197592585806
0.14035907610971204
-0.2558112715829454
0.8287630444396394
0.12520132294702396
0.38624262860749653
0.8387628399798879
-0.5610164052192563
0.4164597255838501
-0.017156713705590965
0.048511592889725785
0.4388753489430282
0.18659529000545977
-0.4757884735796191
0.28167681695777574
0.44452507150623927
0.4028043657609551
0.03848827458174059
-0.23486487087637226
-0.2017534494923327
1.098981859147981
0.23145454653139336
0.24418491479410204
0.22159520224220014
