-1.3336527668294886
0.026856269672634075
-5.29593975179936
1.1395469960254543
-0.02156697557979373
0.6432668359575643
0.44959971920177744
-1.8331622209069938
1.382121155834506
1.2340989291912776
0.12276990171604404
-0.2931894505129876
-1.2032564439635491
-0.5392136232821078
-1.732758574028769
0.35711498271073616
0.08573365755963733
-0.05792836995843312
0.19150293405876181
-0.5870975121756236
-0.25691817753823265
-1.231551060656213
-0.6977367119344294
0.14822973034406592
0.06769657082537259
0.0883469829917419
1.2568238583021865
0.1813147208616562
-0.2531990809987933
0.39766547936957786
-0.22866082752535402
0.13203729532035444
-0.04604214771878637
-2.2028879971108735
0.10614283517986775
-0.43037431892690214
0.2841984262509022
0.4387088715766235
0.6306463695312267
-1.5602265885298143
0.4255848494981783
0.399571407536942
-0.21934830748549575
0.13606379211317607
0.7637988063941769
0.40159248500415246
-0.07363523103525163
-0.3690949645708991
-1.0798661856458986
-0.38391177245626007
0.22387670447678962
0.41996319956059847
-1.4382123515648013
-0.4731992486197435
0.618947587947651
0.08253144218051309
-0.18629840230280417
0.7335825544053903
0.2753548424858342
0.03208391359036175
-0.36256119424228295
0.9209509911520534
0.3565414313554346
2.063505200869467
-0.04626333770661875
-0.7631024701930035
0.05379005087121333
0.06423899704415623
0.6988177334452997
-2.0614913876884335
0.8783738432624865
-0.3150144765814681
-0.3021736749910361
-1.6323310604171875
-0.553878815677426
-0.6872745857018349
1.02242001602555
0.5596404692193487
-0.4804713556054495
0.06629068018448078
0.24578651221216594
0.12206721564626397
-0.548530087297128
-0.14495287709618845
-0.3134130661389233
0.0026703525498446845
-0.7996002205195055
0.07706285686901734
-1.070798417618092
0.838351730773126
-0.714481150118602
-0.40088435679514667
-0.24099984316129666
1.0033059288154353
-1.2385082447369884
0.3972083043895217
0.44935347715818363
0.9350773979568424
-0.3924730300662035
0.3601090649056601
-0.5941871112011999
0.2637195930831019
0.21393710169274902
-0.012881726695137902
0.855696476482419
0.07342761411704321
0.5668800655715592
1.3227406766284355
3.313874723470515
0.19915634055236628
-1.0565058517839647
0.22251878883450002
-0.3767647206716028
-1.3620066171226604
-1.9038028162488314
0.39027403353539747
-0.6115636122391884
-0.3552404342740737
-0.2702511623932161
0.6012553737468017
0.4726880077506862
0.9198950382764038
-0.34539456693731363
-0.4102942373378021
-0.7904913513587689
0.25059729440640865
-1.1338493185665608
0.44773580216805275
-1.2865214863621075
0.12376505391125922
0.019403867994149143
0.29196390766069646
0.7271467684298193
-0.12716711092323854
-0.3194114666743645
-1.1135310850447562
0.5704656870937576
0.2899264319031777
-0.16983510004403693
0.6069795626652655
-0.6773731940401245
-1.527330292194697
-0.8029898417263376
0.9532421655491162
-0.913759986332704
-0.5956571498941753
0.6199796056740886
-0.04961422540183005
-0.2099645414826349
-1.7276740613644987
0.4308624507234199
0.18852950470785954
-1.1407211234557382
-1.860642644784936
-0.1158474105289721
0.5562724042724582
-0.6181219883418806
0.15904631761649232
-0.35004503634432005
1.227339368761835
0.02899497829362216
-0.7545487391785181
0.05869661759037745
0.7160440345847202
-0.4764946230607706
-0.7131698387220905
0.46187362627411155
-0.6291848416995033
0.8111271783607023
0.003114142635444933
-0.21985017306691904
-0.3460321132574461
0.3992259289980381
-0.058103214606192305
-0.03926706040027109
-0.09337898861238161
0.003556229177479414
-0.15229666585903603
0.5482861360123948
0.32738335944749875
-0.3540656511738661
0.7439688375732177
-0.6028910277797611
-0.8790656901259223
0.3584847525304823
-0.9100138867065891
0.17460089928660513
-0.03341451295476264
-0.029244767788150577
-0.5599751587735423
-0.08127481400348016
-0.4932880826491276
3.7944144394072863
0.1590924765396365
-0.5378123925236772
0.859221437656502
0.21251044379932357
-0.015444321225765473
0.3316350414361572
-1.200643477728495
0.46834209286264106
-0.056532439847543
-0.5477935053851554
0.540149619377373
-2.158608658144074
0.28982889520953414
0.07632152317535387
0.39935801045832087
0.7604567591397845
-0.2791342918683116
-0.09782862292531017
0.1888915419881015
-0.22960323312851552
-0.6702739360891731
-0.1741618099385737
0.13591175616679027
-1.2624269730672681
-0.5431774406250999
0.8581332662457647
1.3040900262789856
-0.12426103157716364
-0.17341030661726622
-0.22317344623456573
0.6238280718383137
-0.04565374440085615
-0.18503329604352894
0.2909113623607881
0.17333187043541817
-0.3764160505357922
0.5899980335095175
-0.6056571244415697
1.1149514144932953
-0.8082799176297052
0.4035121373027649
0.290836331921109
0.7527923961606425
0.019186689345793345
0.009243756533082154
-0.01397768914266076
-1.5659609287719318
0.07493227331960836
0.49506324667983315
0.5511724909272139
0.9763311712399477
-0.620685420947649
-0.7284590010925908
-0.09596787028536982
-0.6308065705145552
0.051912941490932146
1.0127603593486176
0.42059765564540996
0.07745943534381813
-0.7630998581960914
-0.5789064066003505
0.6468816817731639
-0.12770302800490976
-0.2722402680650572
-1.0941208068389878
0.3191374128808341
0.317887357454108
-0.9431135305139832
-0.6707813677712274
-0.5531459897915142
-0.39523954303859987
-2.0083485103844625
-1.4581123673219887
-0.311679421754694
-0.23032667063043624
0.9061848482028402
0.40503374277834603
-0.7089269282379228
0.9903794547332733
-0.42421600036155815
-0.578821371890183
0.6330930353818572
1.067242189571128
-1.3969201432271203
0.29694964470573126
0.38326399080488216
-0.005225324619583388
0.18904317473472174
0.1221961498514342
1.7535954540192038
-0.1589093716572262
0.5040910516194607
1.0555246298478904
0.2827458222738911
-0.16702559160195643
0.9321000889476984
0.1304431671096334
0.8246359716979131
0.2819135434573671
1.59377388652704
1.1204723928268274
-0.3988401597392305
1.2032212175911576
-0.08003703523022657
0.455932721230501
-0.6498550073361739
1.7484494739046026
0.11583557872725966
-1.439842681313352
0.5101510902554295
-0.07659373644656933
0.44909388814953577
0.3478522891285821
1.131129809994004
-0.21983422067122485
0.34911218250597564
-0.45584223371476396
0.03322707118125043
0.5783943449472978
0.4277256465141398
0.5789647833370452
0.4047279292038769
0.6342590875800155
0.9705209437049113
0.20538688947961878
-0.8139337282790507
-0.129023722000725
-0.02961976541777292
0.10803532017259973
-0.2674099681705443
-0.6589510842638998
-0.0993728238746571
-0.6703839830163297
-1.121789564272853
0.5539800744905029
0.5606184927944745
0.11341389457114834
0.5203806085511512
-1.1566396949790319
-0.02698411586108032
-0.2602582316852463
-3.08754605624548
0.14140990993582755
0.25489494269422786
-1.6913675245595359
-0.3772252278491067
-0.6402423206885189
0.7350956442271493
-0.06174890880076314
0.22817708004015555
0.0062833158980303006
0.17370227326816864
0.13769794996652882
-0.24103785307339445
-0.09221524987841692
-0.29952472966955035
-0.4556544709253013
-0.13684410129670158
-1.5436659522546643
1.2792501646705565
-1.6226662521915012
-0.1512888945668153
0.4034689839093454
0.042572398280444096
-0.025830767239118396
-1.0236805271758138
-0.4568777117223054
0.00865245402349854
-0.2138325910918323
-0.49785225491252205
-0.11932425465241261
-0.047550014500919696
0.076368449302577
-3.2852509671986585
-0.16707985708263964
0.09077341541273318
0.17843333523543334
0.6895962413590172
-1.1725302128240687
-0.3239836092935463
-0.17968290531345313
-0.7201691264717359
0.8602651846272328
1.1214649890423685
-0.11662979136650523
0.2300215373359605
0.2859437393480234
-0.44969650931295113
0.8929935042339078
-0.4023240812342753
-0.6731472756051681
1.8753479976453962
-1.087296820894907
0.44078723160082867
-0.02053802066989166
-0.020372284703754767
0.42788243076050325
0.8682585679142348
-0.40386458725396135
0.8564135422520059
-0.7939755591691772
0.31262687576404347
0.19073213332572
-0.1461755888696147
0.5836998107855066
-0.17262268506792547
0.7688608754249014
0.03156104203708407
0.7005068754594311
-0.00028362751936308883
-1.5462348161100445
-0.0858171849858537
-0.9621680052379248
-0.4865279760580713
0.1883770256662017
2.309448370252329
-0.09709966461566646
0.7336618969949661
-0.764039534020278
-0.16691216595338512
-0.024391167005224285
-0.02119157039123723
0.4456050640249699
-0.2893324676554013
-0.17334921895750136
0.12247958420770208
0.06634137348863431
-0.4337548243109549
-0.022358023173406766
-0.3442179638813564
-0.19935355030271032
-0.6744168617195826
0.3097408511038743
-1.2454607098692128
0.19057289611092462
-0.03309969091725487
-0.4846314718974448
-1.13080869899163
1.0178345306781171
0.9543270395642188
0.33023109510906246
0.39080429484955836
-0.03173150163690233
-0.10088408431409138
0.347190994029389
-0.13100258683998414
0.5209359765864995
0.16795872072471515
-0.26835783030785165
-0.8627511175077921
0.6805623682816143
0.11568245320972811
-0.08211408401482503
0.39982555442437395
-0.2778765169240981
-0.6274917851101102
0.6910119257067172
0.06683979896986889
0.3766936448439565
-1.8888870959506354
-0.20043127933127539
1.1667021692657462
0.2461837674054915
-0.33466793305941145
0.051980500908736266
1.0789249823057778
0.5014549236155964
-0.36040990550444085
-1.5282043222338766
0.026979447396136974
0.05741206224056858
-0.6973873160043079
-0.07164915418926024
0.47726689845552184
0.2903884515279024
2.2207317579086228
-0.5203809115361427
-0.5499858343857092
-0.031086493864411674
-0.12138673136569791
0.1452914809747999
0.4381256125953109
0.07161779510909047
-0.39934201015036963
0.5492284025761239
0.31843870277735775
-0.5666795910680918
0.21660057957184894
0.2594739713228932
0.11672140916734727
0.12645833875548282
1.0218212782226326
-1.8773841878394948
-0.07212078408375158
0.564956967760149
-0.7628279563149086
1.466290846750212
0.3349701227753058
1.9642812415226478
0.5077454152329636
-0.8166037958000761
-0.32489709979504056
-0.5787348797794615
-0.861123396584566
0.2488384071552395
-0.16382095596223759
0.09608510036435289
0.19622203637329524
-0.9739779260497067
-0.5010761493965646
0.6456740085287179
-0.44739899121303217
-0.4309339150696213
-0.19229605300709354
-2.101211494902196
0.4710622112923871
-0.7145706929929102
0.3890802251270947
-0.04229100726985538
-1.0996539918694674
0.5334721268105042
-0.5028864503049636
0.05086646602565556
-0.22110157085360074
-0.3938776582220215
0.1849193633327931
2.035940704644889
-1.3119668501509798
0.24910576856712394
0.7460038520267541
-0.5610271883825363
-1.1733068975300944
-0.05167988456565889
0.4622456336162194
-0.3167621665229018
-0.23466084308969828
-0.24787108375279213
-0.20207339259454118
-0.13605747906743462
-0.6411949666287667
-0.5536796840918033
2.2918428992370856
0.7066754165064745
0.45261612371138604
-0.40448022073860457
0.39423393092634573
2.644160299447493
-0.16665202392350445
1.1604902068394543
-0.7659588022562759
1.9411082880555268
0.10913410766953122
0.2927246440246286
0.7653914421565055
-0.19183486481387826
0.6630337885982743
-0.4054989175696456
-0.6506014417421583
0.018055829838920706
0.7322345377109151
-1.1887906490825566
0.7659316947120641
-1.6792992771710518
0.35032040959131294
-0.10837005292429405
0.452879636122833
0.5973594385668731
1.3592613957204547
-3.129272427005562
0.9045646856367277
1.0045613169352734
1.1123636238402468
0.17338072662265555
0.3129095893251509
-0.12916706776587975
-0.946798104036941
-0.5624002467258941
-1.039147719292612
1.8248621848619893
-0.11842327346403794
0.5819050629689065
-0.4957016067028136
0.36370562354780056
-0.5356275306696644
0.3726197135936077
-0.7406899699098916
0.09519392689752157
-0.4788767645735924
1.6217307424438934
0.5587404287360852
1.684528916156629
0.2698557050192526
-1.6737767528868708
0.9851296482381883
-1.4151237908395116
1.3451681302338754
0.5613893790007253
-1.5549607893182342
0.23190330264506195
-0.9546124620813722
0.0009110018302221634
-1.5137159952738743
-0.6705652950546702
-1.029726036931863
0.9988116446573133
0.09903915857374121
-0.3526934241761851
-0.9063907303570645
1.0741159489116248
-0.5118190504763128
-0.37850591310437565
0.24430776661134876
0.009650069224911823
-0.38027485025806207
-0.28902578321013983
-0.3879653404752269
-0.8812309393172509
-1.0172944488761333
0.16591380395422836
0.5634329195872364
0.9618908632326227
-1.6547463187425984
-1.6526281826666365
0.60878140449229
0.0971504837044189
0.19363063464071315
0.1179148245509146
0.11825487479305172
-3.846756021660604
0.8273315444686445
-0.3535885444810746
-1.011222137263868
0.18512331436671933
0.5583373670065931
-0.14471044235805955
-0.9022116728851007
0.0432939644526221
-0.23479145776019986
-1.876327600909038
-0.07924892299103883
0.02532150647534967
-0.659675838738944
0.007757318280201181
0.4175096927321357
-0.9175480568689761
-0.6257440909353623
-0.9933837791496928
-0.5793878498835817
-0.6703953202804359
0.06593446464326921
0.6155251608163176
-0.05347899952030302
1.1159626873544743
-0.48589587189142314
-0.024981838232601833
-0.8305615093458457
0.6730935472659861
-0.39638746047844975
0.2030365587015944
0.10226711767382132
0.019426691939393587
0.5274346568143172
-0.7824923090510606
-2.224316334570299
-0.289927366279218
0.8354505546991354
-0.13842234881609441
0.23122826824587425
-1.0746070778733747
-0.8327772671164205
0.6730865805239726
0.3342044118837243
0.23158944172916315
-0.2970692375700946
-0.5527065059174426
0.06869479816209986
-0.22508904010123923
1.1019478685791173
-0.1927407041697017
-0.8393123554291372
0.4279739000423276
0.3195065539246925
-1.1746602427026387
0.01909439222704909
0.2933560890949841
-1.0262756064667267
0.3097939431103597
-0.09879665766576987
0.3479079012603413
0.10939222733023798
0.9104052933686503
-0.16044984421358902
2.14454648686342
0.4543734408388743
0.5669244767240339
-0.991998265227053
-0.46419672479505836
0.7893508239006507
-0.6325331701826727
-0.40179741020571924
0.30846337986739336
0.6305730691514376
0.0882129209621488
-1.0338260012463723
0.10310455927407522
0.42271523848157877
-0.6531208246965016
-0.31299335405706363
-0.40684640081160495
0.49806841078601605
-1.037202531058829
1.2014663463692878
-2.2338300887713833
-2.1506972342309183
0.007761987417130717
1.0173900275963055
0.12516325549190474
0.1513490959205149
-0.7033927715742258
0.21977175497833298
0.4927404771920908
-0.15795205192008135
-1.4444024595770673
0.2079326945246934
-0.07504761860395606
-1.0742684660028852
0.15602278755675156
-0.0323964256361923
-0.16570404223285387
-1.6738013066650956
0.48522869249400735
-0.19404758022127125
0.3049999072156676
-0.5123340399754647
1.1590436336255072
0.4928625734315154
0.1294265226737573
0.1363111055595346
0.7426575202581153
-0.12020337659734262
-0.28555655365350396
-1.134669742206639
1.5588737234586807
0.9635282670109612
0.10543786063013547
-0.6059253281689981
0.2749615065420373
3.0084941548538557
-0.08677226395273943
0.31187879866714596
-0.07007631911002746
-0.008290813770462174
0.6249753558676431
-0.6107184320059557
0.7214082060220203
-0.5867024400407342
0.23738481337461623
-0.1385940747720417
-0.59044200142936
-0.10063561672294777
0.3699056896019083
1.0920336483643984
-0.3340844006834568
0.7934761579051363
-0.017475157044480577
0.44545515364176247
0.5674590400374716
0.4999850295437397
0.3728792904963726
0.24528580484741544
-0.5733012938362058
0.19058981539913863
-0.5937388444425035
-0.41568777999338824
-0.8192296720492188
-0.5455144703437752
-0.07104885642716044
-0.3877983522614671
0.7899400245429461
0.2722476967099131
2.5916165613073234
0.7082369490842871
0.10956595726721305
-1.3160307266871536
-0.21517192718214942
0.5244713976418628
-0.3216929423320666
-0.310049743591997
0.6447318998590915
-0.057091620518131686
0.1777604019125781
0.547449919365998
0.4844696966456691
-1.432329510384272
0.8855308442881863
0.728934643212768
0.1212725801023283
-0.8417935536101177
-0.9579318517358261
-0.9203988983518608
0.31895997166181467
-0.6769727337421888
1.145167564785445
-0.25788114164026943
0.9565576325557227
-0.07387191620434921
0.494834868100516
0.08967662661083695
-1.0671396239024165
0.43810971414275734
1.3818970690010621
0.8613797515640932
-0.08271911371425925
0.06734322129112788
0.8988230284366497
0.3337379764751348
-0.3151504336105696
0.48526067243751314
2.5733172245157503
-0.5877321393993887
0.426774156820911
-0.3619692134391038
-1.587683339045583
-0.3760335078502369
0.21994448851859535
0.5456322801495396
-1.0634729235295532
0.6370381228101315
-0.6463152290621278
-0.46035235565344557
-0.5400379395638318
0.06256150705662752
-0.48751932457472946
0.683739321764203
0.7155564629142531
-1.4933812102688613
0.08990949768635578
-0.14495981261485805
0.3832680476966416
-0.5208659049149816
-0.5466413382937539
-0.5000342352349606
-0.3555162855330004
0.23121871239049438
0.22641379483582222
-0.7274361175541689
0.3943135613535552
-0.13611605072056668
-0.10174547045578733
-1.269790794800218
0.7036153418036665
-0.9520890825294374
0.45857192242919276
-2.0223847330260813
1.23670264952126
-1.4328849352005077
0.6919188813048499
0.3497471255425487
-0.9972058501274191
-0.7344878470570791
0.07745546881502027
-0.5553308570640956
-0.3389999455199665
0.17189343090441964
0.43977001611150623
0.24922867242206612
-0.2249949710865992
0.20582012578138195
0.06008233910430957
0.20762416685000593
0.20508671008359788
-0.6236185060612659
-0.488905718730554
-0.5337455280339761
-0.12155050891658617
0.0075044280687733556
0.06854090085194917
0.1603993433093783
-0.07571498490412135
-0.021244490059811577
0.6694086153686022
-0.12673844518294333
-0.2037720182171804
-0.3265726038238891
-0.04013856615740155
0.8538972315125682
0.2635465304254999
0.30156299252702323
1.050378684902662
1.230160932216691
0.7894762590376799
0.2026594600282535
0.2711126735137902
1.0161921755481478
0.3962714618418871
-0.7855181173089666
-0.08738097598411879
-0.08003793767148162
-0.09983296189946592
0.24288709214925594
0.4173000824368095
0.13161318143860176
0.9306662143619696
-1.3097930990922624
-1.0231864125245247
0.9129329363106634
-0.7252517762078562
-0.023663612228960768
-0.3211378099510175
0.031411487387409925
1.7697483942776122
-0.09708260080215406
0.08560729796976849
-0.2527036900024261
1.1518996235868382
0.12786901595152775
-0.849515737894193
0.31094368965075525
-0.3148858195209251
0.349857488498886
-0.7638714539891297
-0.5034949000311816
0.10126221837405244
-0.16609983984806834
-3.2419821560842363
-0.052380145865890265
0.6957018919018721
-0.09248883132097854
-1.1425576345717898
0.5247983867199909
0.8112939289071363
0.12674503186628092
-1.2317336745021317
-1.3212781034459278
-0.9346249369444849
-0.46947706308696524
0.15563655505673699
0.17149331607290916
0.5763480401461553
-0.36841800045295237
0.4887947718053588
1.1589474275289566
0.646346879585357
0.158893558576466
0.5766439419040515
-1.0081954959793409
0.1421181174726832
-0.48579313154171266
-0.11448127589674942
-0.8425219122783439
-0.03405424964917439
-1.2484259393537238
-0.38582489433036515
0.39287985776558576
-0.019369572300068777
0.17358915174738784
2.4084651942558297
-0.016597195937941317
-2.5721623518239367
0.0798489808008532
0.6297096455190047
-0.8132720337663571
-0.1484345445304819
-0.0032419269201441614
0.5514900948401574
1.0953776808861653
0.29537136256233254
-0.05597905152723373
-0.5953052950822045
-0.14095884405659556
0.567876587325837
0.4385985237983735
0.3814170705918968
0.44632180862838766
0.6399378647772355
-5.310597518964625
-1.1517186723383803
-0.36145274371281466
0.8087901231194358
0.2076379588179683
-0.3119028591547285
-0.2500372014095834
-1.1972080750179126
1.2813426277653504
0.5935297296120555
0.1297407559851785
0.5955859610870312
-1.0456049390369957
1.246995902124394
0.23636636467036673
1.2945992222602065
0.078796463637505
0.8361205329298872
-0.8053482371180539
0.8404986911391631
0.7014518780363509
-0.4477414863378967
0.3817193856644848
0.17969021811382566
0.6148806986411471
0.4799729818487367
0.12757086804577353
0.027456945494655022
-0.5280737806830665
-0.1559438953767839
-0.40677304497407085
0.38365026524325796
