0.24436859180558743
0.25409049023374464
0.1518378972679618
0.23596026126965206
0.10614128049025726
0.20257363626442967
0.14857243832681263
0.2541575066505499
0.22659475019390837
0.10983645945863815
0.19795473235708302
0.22257852077694293
0.10779676381088985
0.24138189151491515
0.24692682026540533
0.1416929518303923
0.2532779688936909
0.20006969406159067
0.13907120066785958
0.21626291516825977
0.15453625581473848
0.10119718687630083
0.10445993278772533
0.2174549158816603
0.12922549589943275
0.2530066495831391
0.2548170453822244
0.13931953882359657
0.2517932621470582
0.2217189906067076
0.2538885664449312
0.1005133487410503
0.21033376950724034
0.13063562324296638
0.2130252533595682
0.16454924075021846
0.11391982308304513
0.2330634987652864
0.12737537790945905
0.2541075617635066
0.10102924966086099
0.1394984495010194
0.10943134889913561
0.14862694856006106
0.21162532286415056
0.10027684872446649
0.12069501515804745
0.10268146364512995
0.1606887214832234
0.14946124491386856
0.11427495653251471
0.20505222450838698
0.10635559972454464
0.17628695753868803
0.17095534882214322
0.16907583139151391
0.25098731208140934
0.18594434048679429
0.2272246959079913
0.10458267216110725
0.2149094324492725
0.22975451761496055
0.25339516860051026
0.11566378797146912
0.2359678331329433
0.24670847238873103
0.1983421717911755
0.12136285742082728
0.20982096958534832
0.1052592985989099
0.2121516992197313
0.2206024223249686
0.14382425516177008
0.20730013882874107
0.17404016816283194
0.11536050030759468
0.1493320148037612
0.11141356899722551
0.1573310357640457
0.1369627800705013
0.180709853211774
0.11387181956698408
0.21921705733544347
0.14778347823942925
0.1423211360122185
0.2049690738184746
0.2058514027115522
0.1506631312011096
0.24188215358376972
0.10132984039574619
0.1615848898675228
0.11718710653600847
0.11700025882484774
0.25148562211042935
0.20731541972430398
0.13209543717533354
0.1434556073805798
0.17552235277230774
0.21459626431889786
0.13468321592873853
0.23610069599379377
0.2070702637334628
0.11205833828740006
0.23865443662801886
0.2549546415086451
0.10829648475393491
0.10915754789727569
0.18626184378760166
0.10550038977280271
0.25496585148973216
0.2276395217811001
0.1019201837428487
0.24583025861732896
0.1079712416346392
0.11989009789682667
0.17019193919512474
0.13483515500892415
0.10044633495731001
0.14604792827398502
0.2278234460539574
0.242320424823913
0.10763868048802258
0.13394063095221517
0.1079130843768453
0.10941123242093306
0.18729044047192797
0.11429249981576814
0.22117955055123426
0.16133182497469598
0.2077679866164389
0.12404132002769427
0.25044858120710645
0.1657729359840174
0.21665784002306673
0.2537856790512748
0.12631390235110282
0.11619841279488016
0.254905430314212
0.23300778817418308
0.23255933676107818
0.11329441624586731
0.10457841926435704
0.12493318426144226
0.22368929739789653
0.11818771067668352
0.11593044976332598
0.2526725585432652
0.22822286568709813
0.11968200631805734
0.11000750728308625
0.1556063305371896
0.17805774244790337
0.24375542574194717
0.21232487550679477
0.1001975857969559
0.1846900566576741
0.14053244079441016
0.10116300005546316
0.12579646338639092
0.1866628579288063
0.2182918050854735
0.1258919564247307
0.23467053106493316
0.10106742643608077
0.10832162822383115
0.10864453263456594
0.10744733649441637
0.24043042195757966
0.1909055699988341
0.20888108984712425
0.21290858826424294
0.2529034090400578
0.11055016792906455
0.247822858746046
0.223007033094591
0.10019637531963085
0.20547785380552916
0.2507451485165668
0.11501021688810295
0.14473852251132655
0.2547504400788354
0.16197594096087928
0.11265698911421704
0.24641938347520717
0.10889193233092917
0.11868967032716102
0.17713182954502657
0.2544992602129398
0.2547584109517489
0.15269349021885356
0.24997311593605218
0.10086682891958307
0.16607898765616833
0.10654548793941407
0.25142943754391
0.10760119362525986
0.1398350715941283
0.23996679514563587
0.18908169889505963
0.16542575022197623
0.12982053985882555
0.10035215704240283
0.10915311172847583
0.10141063406390968
0.12392232036871373
0.1283249115855198
0.13294093306950813
0.10980586217515595
0.19359889256839055
0.21017008158318015
0.1559962419689934
0.23905742892137846
0.112239332945089
0.1148883804129743
0.10397227437522402
0.222279285157264
0.14427798212631412
0.2525506268541432
0.15146164255221192
0.11653653809624606
0.1358317380268713
0.16400115877353325
0.10445548741041663
0.2184662578293792
0.21631351517332217
0.2421767236784453
0.18497408350584152
0.11807636028308563
0.2252249798894191
0.138711582538501
0.13433528851391638
0.12896842018230145
0.13387962821091245
0.1103804279052358
0.10964073077297129
0.13952943908911306
0.10366908728967925
0.19732930563243553
0.22696106725786844
0.2544335022608284
0.25312994141527045
0.20433271435392916
0.16368730061440426
0.10023933214034306
0.2524134468025313
0.2423190922254614
0.10439278683055617
0.117141996258149
0.235357172179229
0.13898997555112394
0.2537733749277181
0.25429969373386596
0.1776509916281773
0.1626947138932958
0.10589829900855238
0.2215046166336094
0.13120664251205458
0.1086336722365164
0.10493034375672258
0.23341549785631552
0.16544645994628746
0.23844170306325183
0.10160664381662451
0.12606208429307905
0.1598979608293287
0.2033218329939451
0.20562205129819475
0.10032281859285239
0.10633804261826316
0.10227026035568806
0.23671099098692835
0.21609241355046924
0.1944310989886637
0.23895826030883757
0.254468180872216
0.24367426395211553
0.10037691425749493
0.25356965465558934
0.24037392956804257
0.25494830558277914
0.15493048280686825
0.11918552469874308
0.16307648822022544
0.24161497060827627
0.13007972457885883
0.20627622631701678
0.10694607361454653
0.20857002372935649
0.14047663486060744
0.25058706408981457
0.25003545626982826
0.2526956634176316
0.2444294027701371
0.22692765416532298
0.12480983551173794
0.1004497684544435
0.23704624850311526
0.25435496770148036
0.12278388448670982
0.18169498406488668
0.17280264262087117
0.1960682070832794
0.25494768635140197
0.1848489430549106
0.23790723162744762
0.23987165363409932
0.15462581717323817
0.23787400040041048
0.23908934118411015
0.1538898523052412
0.10359108168239947
0.25375221119477964
0.193887265055078
0.11811053822527781
0.19917414808662345
0.2545470057392365
0.19752490663302544
0.10339677005463951
0.10126597815501112
0.1445012500878685
0.12419752941253823
0.10247697096246863
0.1803655480178282
0.10144125507102439
0.10188539723760168
0.19290498432423406
0.2425042351182833
0.23028796260746096
0.25128410227509557
0.16116219109665372
0.22179490650115305
0.1989269638271006
0.1201969301265434
0.15131167131760723
0.24495076114953415
0.2344022737423965
0.1788150563999433
0.10094078592081165
0.25387086973580986
0.25401885307644956
0.1303912710667113
0.2071365612729492
0.17060291238521938
0.17477594700338225
0.2536613470913315
0.11197715716151244
0.12963278365597927
0.10839466014671481
0.10761609407366365
0.19475571309574177
0.1116137187186109
0.12053192782452213
0.20238556874994126
0.12245800016780381
0.10555055220507112
0.2536624688146626
0.24731186454257267
0.11297494929752158
0.24325964102801764
0.11069496286985855
0.1807392460339415
0.24185237410314095
0.18469326486561274
0.17727608024117755
0.1730381514771777
0.20943858473678797
0.24445561976504102
0.1907696321456349
0.20113023797984717
0.22892762787535223
0.2505544432121175
0.2326507005298307
0.10460441761232084
0.18062390987603213
0.23866883123878177
0.12927710239825682
0.11606611647528428
0.1458651932823005
0.14429297612068623
0.24798394535400123
0.15347795206119094
0.24148106984468162
0.1618576845714211
0.20598756822581152
0.10565325094289621
0.11295811182838408
0.11930828324282358
0.21979013667697786
0.17044378369425414
0.2424773371060863
0.24418039482447237
0.25040868771500113
0.1378052351905474
0.25396867478736973
0.1162692816702385
0.2295417791703329
0.10296206027795404
0.10052676799968915
0.23799951309594333
0.2402139718471724
0.1262236778016925
0.22147574704585746
0.14404567395023368
0.12023587326971649
0.24647535686595243
0.1556689100050481
0.11553862663822942
0.13068667780801255
0.23953265146336963
0.20681683321818387
0.14819449111885827
0.14433856024421662
0.24177909527879368
0.11072727615426001
0.11205725070496461
0.11382374155839256
0.176796889210838
0.2535052299654518
0.12140630468099398
0.1778055890255825
0.14090419515575556
0.10517681459926728
0.2404931277045612
0.14216439384981513
0.10632405890435989
0.11038027827894623
0.20062396351728937
0.10158316296562972
0.19395072521449716
0.12636576716663092
0.20772070779097804
0.23489836339137968
0.21229506598638667
0.12432273551638126
0.25359967367679603
0.10489249958167221
0.17720309165531464
0.12302593990299934
0.24987242442092236
0.24930561355567046
0.16732215938602443
0.109439767371836
0.24612415435330634
0.25494267917084634
0.1105913012813948
0.11699655071931778
0.24736757935450424
0.24838784120171084
0.19127493187931185
0.12160984329255672
0.19555567068319343
0.14843139705729788
0.20539762815276993
0.25496316315951617
0.2549789903189731
0.21481886395723956
0.11055752846857766
0.10165121061642143
0.23584428601389237
0.10555324500638882
0.24512737179060015
0.13416238655251642
0.24601595854012356
0.10122563012405125
0.13988450395245886
0.18322646623323255
0.254992081147284
0.11999421167985766
0.11111045489146495
0.19830004642321994
0.2509218082739696
0.25300120986663477
0.24665212785609933
0.23793411517912696
0.10956609831132944
0.19914011313506472
0.18780885211890516
0.12400911862736716
0.23170462057548544
0.10173490467088062
0.128802850492398
0.16853858052460044
0.22147298179550354
0.1100772013022405
0.21393769152835926
0.10248919511829976
0.11953629321284662
0.16056039681350273
0.1011238605464094
0.2387785378649729
0.13152806796197644
0.10170548055687953
0.10449613463520976
0.22617579770346227
0.2126336267063653
0.17947751063964298
0.23176999789455008
0.2512527660605802
0.11008687909942835
0.10035924173209929
0.15320975408817203
0.24722382196813872
0.21293573310528044
0.222901935147326
0.12319328299271123
0.12702245511416752
0.128134203399993
0.24724661642521814
0.22927796078680715
0.10351475206046531
0.19103342948964117
0.11233760170480342
0.10851722749719836
0.14013381752987827
0.10331332382291056
0.16940330084426622
0.11199231633784465
0.10973132495718071
0.10303229818503776
0.24431168035551562
0.12405105384022982
0.16175728331274428
0.2495204578447686
0.11636918133566829
0.2503378493009297
0.16167747764523585
0.1357583635753926
0.2384529188810812
0.2504811256876259
0.10346605246416349
0.10792381430114248
0.18218404357486792
0.12751074949992033
0.20429694007187357
0.12426546406063085
0.22996239469388866
0.19734463067271643
0.13795642296367547
0.1029051571341619
0.24804224704928
0.1002103615261106
0.20863104979601718
0.22500520057729487
0.2439101258009981
0.102370628313835
0.25488936110178717
0.14957804355922752
0.12783369861528301
0.19597654913367887
0.10042436956216069
0.10933487478483925
0.1009959652822032
0.11326333781437267
0.17430446752438475
0.25465471267100404
0.23471646020526468
0.14641934116595265
0.18267130741063095
0.18628227745275636
0.1004343125311665
0.1057855133262374
0.11505611490621323
0.17678297069761847
0.25238613668341126
0.23160290074885612
0.25262875086865155
0.20081630389037672
0.1400624738282171
0.18304647361546064
0.21678834686681822
0.20325930620597574
0.17118902645705422
0.12362714842695696
0.11462657167642529
0.25136873987099095
0.22111840615642261
0.14971217627415764
0.11998431612175128
0.1597889192985202
0.23690855142495956
0.13596134491280773
0.22917634940647266
0.15944047527957814
0.1313042376581833
0.10552060490122436
0.24553553324819818
0.18145530646007244
0.1099805867671125
0.10177500329809505
0.2114383568546205
0.1630643464462129
0.10247561762471843
0.12760898858923916
0.10457029149734229
0.1103640883366028
0.19794284724360076
0.2543906664893363
0.11586835213731858
0.10054394673642195
0.12052837690143722
0.25297111717067233
0.19058436384955077
0.253423954500259
0.24274148343697075
0.2499937741060778
0.25315452656787407
0.14044965362531955
0.15241068370679242
0.2083502897119319
0.10101100666651638
0.2518290178438781
0.24343647625106687
0.18214403659445275
0.1084461306586216
0.24014387659038114
0.13170328978336562
0.12178725184079472
0.11635919442788065
0.12750136528048436
0.1010473390762657
0.1029014520546084
0.1979312251212388
0.17609370194211169
0.19537195755370937
0.25025020592281033
0.24788289010848927
0.11547352042298273
0.21540595328498466
0.21835773461823524
0.2126887617448818
0.18255329047584198
0.11937262213245434
0.23766649210680876
0.11054406436634998
0.11685339608999032
0.2018375781459186
0.1745999836426336
0.25172876169171865
0.11013636725393347
0.24134381537074032
0.20025615200606448
0.1971013966659275
0.2476055804147501
0.1366022931378795
0.11084682519420305
0.2520001831963733
0.189729135234151
0.15830677308597926
0.11469878539932551
0.2179539596592913
0.11321876638885273
0.23871963096904356
0.10110413931505066
0.2530532520126336
0.10461008911736455
0.25495369946022506
0.17585453129666004
0.11623540736561364
0.10917630408587006
0.19510023844969746
0.11617440638858753
0.15622633369386604
0.10392499231925842
0.2364852355181842
0.10697930683043108
0.10041811193986436
0.1527119099128079
0.18660353231173496
0.11482259871021991
0.2533311911423236
0.2366687926118479
0.19942038495828515
0.2386048234053568
0.24092682922833017
0.1002325655527698
0.2402828982913567
0.25291641607703863
0.13614184008913985
0.23632853648255178
0.1078955701979418
0.11507012513695722
0.13014947545055286
0.2454192957148605
0.17616049961921473
0.10250377498423854
0.11273919064714541
0.23086332249881444
0.25371782598171033
0.11776414501795404
0.14087769088223498
0.10110305808140671
0.2471919338520013
0.24884174560115177
0.1147442396871948
0.25480024331739826
0.12798021752553276
0.2368817694348617
0.17892424846543073
0.23385075885417747
0.18288581309464788
0.24595606265654088
0.1079315311552331
0.12598091880013848
0.1276232566966
0.24373631519439995
0.14695679016214433
0.10469517251097879
0.254420098477966
0.1858459415301623
0.10353202865326036
0.21131591643695
0.25375298477711317
0.12528774714362909
0.19454692429251083
0.12589465708097766
0.17580944934415707
0.25486158162101613
0.10198866379727253
0.17596248593164984
0.13777708028005894
0.25397033397792035
0.17793472833322752
0.23070832438367558
0.126174519709892
0.13330490152894134
0.20018464274065292
0.12467525530366605
0.23905680355752587
0.2505329883903993
0.10202553754969121
0.24681145650675693
0.2109705401121543
0.18301646616318376
0.11803392083426698
0.20791078804076887
0.160747874241387
0.17430633089457356
0.1893499449416832
0.1758283307138034
0.17154407502078303
0.1698020975421157
0.10913888949219383
0.2206176004098169
0.1339060369057916
0.2521975821678034
0.11232876912184417
0.13398327979876787
0.12970583777262565
0.1044531252743954
0.18273768624114947
0.14001654328121202
0.100646187849286
0.1090175982518071
0.15670964012137742
0.10475446176615952
0.10771641870563206
0.10020119359815102
0.24215044435297692
0.11038617188980757
0.2528318850624307
0.1422568155045779
0.24752003458209756
0.12740309846563755
0.25183011024587654
0.2277923217725568
0.20174985191570413
0.110848771350718
0.11882970954072855
0.25408762508357263
0.10478179083331304
0.21667115670386058
0.1846546750212504
0.10253769244520847
0.23193844274731576
0.17304822050258725
0.10658941284941045
0.2467291354161016
0.1988470644396015
0.23831049140364088
0.1004839924502596
0.1278855715120186
0.20362031480740558
0.12176460689943322
0.10298816189972057
0.1891305140104351
0.1156329839217792
0.101713571860614
0.11550319815346363
0.12610148169144894
0.1342909353873318
0.24267457802019496
0.1062488508751128
0.1946840769672634
0.2337599639946771
0.1247078900893169
0.14178413647479468
0.25046572110246645
0.22177463249518434
0.10271269813116243
0.22792323673948298
0.17435511220367536
0.1932903137819558
0.1389292931369007
0.15983533705077055
0.23515714162219156
0.2462531875175675
0.23866612185937372
0.25101901415493477
0.1396847166199718
0.10036957035366176
0.1004091153431079
0.11580226712712569
0.1002307770747741
0.11560859130280907
0.10345192246398013
0.254791976157274
0.152254861434813
0.25498767511047016
0.24706424158366555
0.2544537158053928
0.24077611023557896
0.23609917536068878
0.25198231815864647
0.24287027721636253
0.10158839747323398
0.20642103794579833
0.25488264700628027
0.13061005283051982
0.1624252695504522
0.2547778618509312
0.15223084630038639
0.23603767106549442
0.10936596002975948
0.22133626805934067
0.2342281516009523
0.10397491359013863
0.11735900624918147
0.1086836978546308
0.2482087833549663
0.15406832487978492
0.10266091992182966
0.10382811407068879
0.23771551630054163
0.11595995921774602
0.1011289839296837
0.10499539142675016
0.2484251837425616
0.13777487440443034
0.154897472625489
0.11556549410170233
0.16890249634449603
0.10055700042209767
0.19011635983127104
0.22994687386737542
0.1509936821572043
0.16361034921952985
0.1007518820228874
0.24905144171415625
0.2339930586450881
0.11196357478054539
0.17467443457190399
0.19508536435517185
0.1805103189059387
0.12231457535514897
0.23585968467847904
0.12198793595798216
0.25443589651475473
0.23331647254022078
0.20810734717805887
0.19215754146358408
0.12415440081255621
0.19888987948839285
0.20545119080751126
0.1879909151619483
0.1491318460429458
0.24351682812822847
0.10322110234856594
0.11856031415687204
0.25442390654676617
0.17250821874811903
0.12359448822792216
0.1054858466853483
0.23395738933784369
0.10461053032208542
0.15401224521217824
0.10820746745742124
0.20364305863563079
0.1413160964098564
0.14670472575259827
0.10390013505431436
0.23479956028293977
0.25378616749784544
0.22937317299377977
0.1850211614144228
0.24864148942016626
0.23294291665573094
0.21896828722543646
0.25064029278881894
0.21151931123372078
0.11620693586102934
0.11863919122323638
0.11453574534855823
0.13333975604985557
0.10231171662037183
0.17242565211367286
0.2043279109355993
0.10019587690375895
0.19550710757184028
0.24808811731223254
0.10039950530552974
0.18145447494380393
0.10194743677152227
0.14254499715804178
0.2517405105348015
0.2200179221092465
0.25497679619048985
0.24656062743709203
0.10021201134262867
0.2157028351640584
0.25322036821560034
0.1192995370873213
0.17742293320156552
0.23005899817635275
0.10259593256444352
0.21561801457577376
0.13287734314628594
0.12564141682326
0.10092513730344274
0.13852323064474412
0.1791894816842464
0.14282451919933078
0.10079789464116759
0.10160644167845875
0.24595814165533422
0.10347364344481477
0.14503104613564452
0.11924770350235944
0.10398061887357687
0.16274576387008374
0.20438633477099485
0.15218888723641463
0.18784858384569234
0.10681268218344239
0.10489343001273341
0.2506070727515344
0.12572569092912408
0.21747934774085073
0.12549558726263818
0.13330822164792752
0.2239463241679149
0.10723610419781412
0.23956022273275498
0.25490539060442285
0.10681908306727447
0.2059224746294049
0.12974193748172844
0.2465664450345386
0.11085844175176637
0.2542257176944698
0.17488914375328088
0.16939720219910234
0.10469320836840953
0.1784861923251225
0.14649247776930738
0.16269663879014337
0.1026633207653371
0.1636407633815151
0.2412426537192139
0.13442200636864274
0.24551320520452233
0.15247464642250183
0.22223476906292047
0.24521502465677833
0.21132219251887993
0.13376638202326294
0.16080082872285226
0.23407404627320824
0.2451335036405756
0.14152402585620813
0.12837822281089215
0.2544661059905001
0.25452609715346564
0.2362550294241764
0.11062838879765721
0.16890456323342948
0.25482791759477685
0.1120950787713769
0.15856728130831163
0.1136968813924781
0.25321728561119283
0.11219376162957137
0.20214821067506292
0.18486249564836685
0.16356079965804513
0.1114890105248045
0.11931529558772733
0.2236607676940536
0.10523460164569062
0.21191539424202063
0.21125650955658234
