0.23165705635406236
0.22207756005037077
0.15669877647128388
0.23388262561713186
0.11760612787300134
0.20049693353734027
0.14572001670952422
0.24467123131758522
0.2168427809188544
0.1448596441266175
0.1985167277185948
0.22717561177708473
0.09877527982722584
0.23962150790778253
0.2485892896343322
0.14605123943439752
0.2651847369260933
0.19944568081292074
0.1441951225969949
0.21587859189624609
0.15681054291905566
0.07606936548251225
0.09846214524807845
0.2184607088004596
0.12272908661386212
0.26092857723415935
0.24445817387522245
0.1393137795090808
0.2255950692070094
0.2229964067734737
0.24519355664993497
0.08479183667077156
0.21832368703981214
0.13257830605935567
0.21035748230408896
0.16447563419977046
0.10750867966866356
0.22687633866151974
0.12798504591484966
0.25717548255282
0.08250503454288621
0.13421371169444468
0.1196570237449584
0.15049425150162637
0.20782755715993756
0.10651956007689406
0.11965430030993435
0.09652966951962433
0.17135657488887385
0.14859748319089655
0.11394145905415304
0.24446773797227955
0.114851380587706
0.1777874701435223
0.17121966501270464
0.1672662782782975
0.25944209347320474
0.18924298391555233
0.24938493116698707
0.120823190414515
0.21435871303934179
0.2258321387933538
0.2456023457222281
0.11624956676092985
0.23201845242035063
0.23777248014667313
0.19665743750016212
0.11896922144188044
0.20884218693633344
0.09026573843484625
0.20884458907783993
0.2164932687315621
0.144507930296155
0.2322064212512423
0.1874206793327094
0.11831424573797872
0.15636166371668297
0.11585369588595812
0.15414758051672367
0.13280463379679747
0.18598888484848114
0.11325368483379733
0.21743289720566988
0.16572961234289868
0.1515182462541506
0.20453620107930376
0.20535179181660063
0.14841637842411487
0.23673200713584225
0.09754187214011928
0.160489842158353
0.10659984704164976
0.11102883216970622
0.25862805251263793
0.20399072289559822
0.12781671873661166
0.14981834578041459
0.17588799211804168
0.2107018854327219
0.15199947659035012
0.21337980768698045
0.20301141783831328
0.13242909443350176
0.25249267896987443
0.2546794748161079
0.10221587338745647
0.10128527361583389
0.187761643916393
0.1035517750457901
0.259332586383393
0.2276220018990603
0.08652508281093613
0.2400521677153829
0.11995389930527606
0.1463942830081864
0.17177780581487717
0.139035811829807
0.06426894374985054
0.1432690330042526
0.20721475256516592
0.2619650285423076
0.10669560379323723
0.1311897287283192
0.09553594405289917
0.11735962080418277
0.18661936825393383
0.10693383232616821
0.23770247665189298
0.16153207932344843
0.2285385041326094
0.1225585278054318
0.2530205354146991
0.16507782919566977
0.21591867754683208
0.2585298460168948
0.12903261080570388
0.11451160064646565
0.2808916677626883
0.2267681123183774
0.22129243056369724
0.13556314785437135
0.08851828340695916
0.11837147301025802
0.22260609268656023
0.10780435511315906
0.10834085612688721
0.24635755837677792
0.2219907039345544
0.1125000676515931
0.10535617392558877
0.1576210634856156
0.18416727027551655
0.2424807608418888
0.21090134948873246
0.11072165037791709
0.19079905470431918
0.16357342292254823
0.1124064353433159
0.157637608203211
0.19376676974829704
0.21742021466535338
0.11806022479556305
0.23205707966200156
0.1292094830551092
0.09572298756183223
0.1178958001525156
0.1030081422289561
0.22813130060727232
0.18943195626884807
0.2058759068709592
0.2165746439290676
0.2546344406793332
0.14458209080781054
0.255537866759102
0.21813995888536858
0.07722948458975593
0.20096916668079684
0.24327929545134835
0.0956568148428662
0.14436923711107713
0.2510322879718802
0.16779634514761005
0.10946325489857417
0.23318759711926534
0.11404410007903304
0.12657795973588476
0.18085134514021123
0.25427606037272404
0.2471666160735449
0.15809775311503754
0.23771879429255133
0.08393275958482477
0.17615269363317126
0.113077272393519
0.2585404529762943
0.11674614936509337
0.14268768158992823
0.2694551434469788
0.1869602523772061
0.1634463657398218
0.1245623928934308
0.08777122365550744
0.10427531209459023
0.08281679414765525
0.12812178280669345
0.1256857717969086
0.12435093300595806
0.1115441606570014
0.19201123092652722
0.2083132065240832
0.1596614707929212
0.23799254801780828
0.1007457234796118
0.1102338249905857
0.09048888229299062
0.2195724289850149
0.17873386180952505
0.24350519717042246
0.15044991304850025
0.10382373844581588
0.1431641226429466
0.16237564542289123
0.0903363286995193
0.2153228674996271
0.2085339253800615
0.25293436332164293
0.18364797256548876
0.1332489328669924
0.21884465461889607
0.15021112475539794
0.1385827849881079
0.14629395166871434
0.13317453210087155
0.10784953842401518
0.10803999017897342
0.1427192971066496
0.11251976271052327
0.19894179099146064
0.22826629123890657
0.2592488375909879
0.2450452863057972
0.2046424165267589
0.16214488883439698
0.09156660233593267
0.26139435746856815
0.22755816155505387
0.0957940193269245
0.1443079329197547
0.23158811184931455
0.14534888592991474
0.2573128980955392
0.24549924786797844
0.17570001589984002
0.16031874658086936
0.12830361451794542
0.22078106887846366
0.14182529752096001
0.16188636383676108
0.09741413476081401
0.2309167710041174
0.16717712605255058
0.2360970919704491
0.07407287104720545
0.12604120319551554
0.15928030819530054
0.20249066607175686
0.20605185555000533
0.09477548554219245
0.1022658458628179
0.08668009799693671
0.23132653883415927
0.21535769919117626
0.20810397712481304
0.23629103647310096
0.2552154970630158
0.24410413843547157
0.09044828059940718
0.24283645056338315
0.2581093169685739
0.25437427638931337
0.1592247223503806
0.1197659419221388
0.16910934181708076
0.24023191635584734
0.13106133917728097
0.2095370657120485
0.09862104909859287
0.20740480604286765
0.16689255566944788
0.2430452192834504
0.2444621956357234
0.2544251826015839
0.24506895878811813
0.22121223631201353
0.1316297213870556
0.10238149949108205
0.250510665642852
0.24605022379976998
0.13002107533207513
0.18267518248288545
0.17586444311697985
0.19370285987874897
0.2474628945620601
0.18444265228557905
0.2378314551268254
0.2343556959427519
0.1542091446246105
0.2352305158384444
0.22644321016515295
0.15272756014784222
0.08259802077603234
0.26711797674195653
0.1929564375996498
0.10923046388086116
0.1983097490695203
0.24995090029756512
0.21503592161920831
0.09870725371258388
0.09047598936689044
0.14113057947132507
0.13221429217597297
0.10813777695669585
0.18539533851619655
0.10146767556511566
0.09262171842291672
0.1943952943693253
0.24102852325927776
0.2215466250214087
0.2589994168054445
0.16126141246129938
0.2217929275156238
0.19137734376559107
0.14027997736067327
0.15530244040879687
0.2435456213282457
0.24466072389354737
0.18400305277092227
0.07723382781025562
0.24549342733765295
0.2545764526741217
0.12898822372448054
0.20714002429701478
0.16852759348368745
0.1740883036101754
0.23918355358587678
0.10036317135170819
0.153897034583161
0.11145407052655859
0.1221905732194028
0.19409832566671154
0.09796942898519206
0.11384503677164831
0.20562424710833177
0.11345970280300394
0.09858091746665204
0.25146443778425537
0.23578285596749432
0.10871248447823129
0.23478650597419365
0.10455786725656774
0.1816202799425512
0.24142863212851068
0.18217313718543776
0.17646876214928714
0.17239163176343403
0.2088370887681304
0.2420827320592383
0.19912412456916423
0.19967957096086936
0.2340969993444088
0.249787922914185
0.2327032694701054
0.08630582765312395
0.1818905979733399
0.24378293042467608
0.12873773008105155
0.1350356893620433
0.14569017908388265
0.14605385553332523
0.24794584156262828
0.1634456237997844
0.22790896956863033
0.16268207127597517
0.20318144767820884
0.10012919931613956
0.10434347981441744
0.13171063627779805
0.2142797692786374
0.1843557653355678
0.2389122490860362
0.24238824067585324
0.22867153347272456
0.1366830628414188
0.25002275802900215
0.11587361425153236
0.23372012300121753
0.1030913646807054
0.09578472868124183
0.24004662186286757
0.2662016338294911
0.12662282579048573
0.21923845618940135
0.1510047026389894
0.1273321432064482
0.24812978273739467
0.1548988851567022
0.12181568622749744
0.1353000456995433
0.23647006420561728
0.20351308322305833
0.14861511827958102
0.15233539485979836
0.23191195270549875
0.11260902835909564
0.12961672570743593
0.11013914994866186
0.18727835878338323
0.2528023700865782
0.13246589980855533
0.17648955300196073
0.14886505356521967
0.11735988236333644
0.23710995574526178
0.14385943802334739
0.10297312374148831
0.10010715257841923
0.19982777914063704
0.0782765134669891
0.2053669503623758
0.13596894067644588
0.2078374904496934
0.22655305943561493
0.20825988385598132
0.14354247991985464
0.2291679490667991
0.11661222177249292
0.18818188248072082
0.12097479379952097
0.25129837245570324
0.263739132715986
0.1671598089757495
0.11455575302646998
0.2396156655833434
0.24492521975296727
0.10329786010586955
0.14268026460116295
0.2506157768925222
0.2473583869426101
0.1922244075447032
0.11781616802586775
0.19358923941550715
0.14758294654380294
0.20343512998088303
0.2571310391867591
0.2645863660413487
0.21614976918307444
0.10281524843797679
0.09904732631387897
0.2377177610999595
0.12724898435246373
0.2390924162712031
0.13355936551882946
0.2578568129763302
0.11715857511643418
0.14705127419094216
0.1967681211456323
0.24428361677783822
0.1510425258451638
0.10399973363225018
0.19572954140546867
0.263591021425497
0.24409213235419153
0.24750939829041324
0.24122803925763675
0.10808046649585773
0.19762361290884262
0.187528297640761
0.1308325295771376
0.2568704289723301
0.10110527122502949
0.12496758906598632
0.1789422794169228
0.21806127280931348
0.11973339609677719
0.2047168286498215
0.09490478259236373
0.11294425701521388
0.17588565179337706
0.09569141868826453
0.2421138968698085
0.13784088481854812
0.07795214813119339
0.10755708813449477
0.22008993093777068
0.21626130409886096
0.18649549375026714
0.22436325645862093
0.2407007638621272
0.11251006973097927
0.08331973851739921
0.14979509442430577
0.25549662634449505
0.2078494625608956
0.21870978670608204
0.12739018058556023
0.13877185107612805
0.13783940602151995
0.24539808197884366
0.23019773196161503
0.08884491816574086
0.19136802738785547
0.11104570566678446
0.10844652885749645
0.13955784721983994
0.09480440568036202
0.17788858279501502
0.10434244336767778
0.11860444723225255
0.0944670178715224
0.23830553581956432
0.1207566165964798
0.1566116252694449
0.23992060042625224
0.11951048246375434
0.25426476853056795
0.1606034862798899
0.14231687678665111
0.2336026311429626
0.2548959031348425
0.09090163963917824
0.0945218962130247
0.1822762791190467
0.12827092265844237
0.20129893783862468
0.12980116705235373
0.22764850124008235
0.19520419905183745
0.13589851257676994
0.08674696695773249
0.24134904647262573
0.07996820406800537
0.20671121285669186
0.22798986385500702
0.24864581932704927
0.10189537439937574
0.253285404032419
0.16437433276980912
0.13132513040073596
0.1940127473760303
0.07779193397335754
0.10396222830356466
0.11444276764053668
0.12064490375346132
0.17408764328536358
0.27305336311144573
0.21805317620317238
0.14594830040061496
0.18243809541266637
0.18498256767681348
0.07808877076328152
0.09045658805638496
0.12332261271588546
0.2212446321196277
0.24865466504502315
0.2305106428687415
0.2616821589648834
0.20326464713893583
0.1419254265878141
0.18700140235294954
0.21458904261668804
0.20726191483153705
0.17005643219314776
0.12132271872453909
0.12551358976598687
0.2461434641659725
0.21813545007286456
0.1529612598268832
0.11668863871142338
0.16040632990262843
0.22737271603002668
0.13334919011588825
0.22576553113814452
0.16134940536261982
0.1258155435813862
0.09976543725576709
0.25589481028905586
0.18024976320295955
0.10003283040892336
0.10042875290783976
0.20734476587458522
0.178803232342795
0.09692340502152291
0.12221511912707567
0.08505549964513054
0.10569005323316966
0.19731851738799672
0.2609064310055201
0.10637645731709694
0.083883356441181
0.11605811689201911
0.25653443244792534
0.18935282032177864
0.2463814405034766
0.24513646931437222
0.23534871506456162
0.2614235491372732
0.140036853545567
0.15142171248936492
0.20555826844755748
0.09432661532755421
0.2366050641999165
0.2512606627008724
0.18086740792821349
0.09632500047176168
0.23524360082082912
0.1325888391927405
0.13586274649607694
0.11855087443541096
0.12417181097065572
0.10378818191827316
0.08789204165393089
0.2234247329503582
0.186040579798263
0.19775822697662443
0.26161640064634123
0.24590370440823078
0.12216156105434123
0.21724897521000525
0.2448745152633463
0.2091979212096277
0.18275804702968962
0.1227603649409072
0.22870225021613316
0.10138087532476198
0.11446364307961748
0.19940373486899282
0.1739817401162554
0.2568513796476731
0.10478831055335475
0.2470149189607171
0.19823371598096867
0.19563027913200598
0.24461809910409565
0.16155294662157643
0.10897498492499497
0.22828735282741758
0.1830986494844073
0.15800058202742157
0.11373182489600459
0.21400506714175566
0.1106072530930498
0.2618810901141391
0.11412557736253587
0.26641499236224025
0.08822438509621283
0.25790237139292477
0.1757596340420628
0.11630530835135916
0.10604017618960909
0.19505800223773523
0.10943170532728047
0.15196283162454288
0.09238838868767002
0.23169484056674577
0.10554745224384138
0.07899889762093565
0.15013341334603808
0.18830772343657626
0.113293349527045
0.25098048481239216
0.24664090991074555
0.2009783309872462
0.23572664448846098
0.2351373473808121
0.0809584858742049
0.23888625720967188
0.24387904428199353
0.14458196439935972
0.22304204458300175
0.10236580446358129
0.11438738930546494
0.144579745654486
0.24115269326248095
0.17625176297566908
0.10433418368976649
0.10384177257088995
0.22247846827494072
0.26170035632698835
0.10624429529618912
0.14052264454275315
0.09438001887006459
0.2451336534225747
0.24305679223897864
0.11907933490521488
0.25797836952137637
0.14220277371015283
0.23518695423483
0.18672656354762035
0.2186521759033208
0.18378672541572633
0.24149571588419233
0.10260347585414403
0.1138889641764958
0.12997932504305548
0.2355991287093528
0.15877636178989324
0.10076001556152009
0.2641091277543613
0.18531983983504013
0.09427659110100389
0.20758077017264637
0.24458424731411782
0.133385738011441
0.1944382919262056
0.12248699256034173
0.17833538150015943
0.2525614735065906
0.08313268519060385
0.1993996190321396
0.13650372415175288
0.2585576485479166
0.17663070829759503
0.23069722829249145
0.1303632116621946
0.1387062123809853
0.20284668375132092
0.1346286730260156
0.20525517614540328
0.22054775849709102
0.08961666426472908
0.2287189289502744
0.21309495564393527
0.1854026389864521
0.123172690821786
0.204388972349772
0.16258075106520026
0.18180916408174025
0.18705258925092955
0.1757029616925811
0.17182042695860528
0.17307939390009158
0.09865051287198673
0.21501322695395947
0.13493739347300132
0.2576427086733524
0.10837885008628839
0.14372459909934437
0.1349747769433976
0.0938046585608972
0.18236771723712947
0.13873692764484674
0.08183218597508474
0.10187318080290614
0.16043501360263163
0.10393538997944468
0.10013282130545603
0.09465405851711478
0.24179669777645402
0.12686878442389665
0.25914479028796794
0.154495037494689
0.24216541857622903
0.13458522729856187
0.2324611323347488
0.2272820161645323
0.20148052054558313
0.1171741655288438
0.10648127086089393
0.26572579045084704
0.06853463815012101
0.21012259885076828
0.1835661994126791
0.1061953123121297
0.22966788134592148
0.17427246822182835
0.10881303744285248
0.2550423343735581
0.20421792208351935
0.22929356080410607
0.09992939465125567
0.1281190090953232
0.20572258931356163
0.1663269551264534
0.09724931881410043
0.1954600796116331
0.11389149869384224
0.10478710447684686
0.11682542491885711
0.12553955034222236
0.13438068006108622
0.2544961710435389
0.14564393901378764
0.21715706851840372
0.23160870724217736
0.11716353260250595
0.1395903148962931
0.2512961143565761
0.22025507534758199
0.0883082503830594
0.2229266753353482
0.1756451401953763
0.19088924764293985
0.13603966988277266
0.18924583680890467
0.23432298102659205
0.2603368548800577
0.24279253178263244
0.24923250218711018
0.151422142839773
0.08818948128829146
0.08257207404520989
0.11785752714205372
0.0805337334179807
0.1145421486457075
0.09960011610162994
0.25520952729876717
0.15129085037708773
0.2444160246321671
0.23923542279299775
0.25364271617957973
0.22953778484309356
0.22335464866838933
0.260638851833179
0.24066459078436214
0.07775934705041504
0.2099503804619935
0.2451213240042695
0.12688211114313946
0.16058575664726565
0.2521736684575478
0.16831967880324522
0.23391141884324257
0.1028201038009166
0.2219386264401509
0.22896159575374547
0.12112059558533755
0.11184034560242723
0.10647399279148867
0.23899510180842481
0.1651601847318384
0.09734030787561959
0.08134665851155681
0.22955623943021614
0.10464129531676175
0.09650296467767011
0.09857023001665904
0.24818692343319865
0.13726486451451497
0.15955340433457404
0.13077821368494064
0.17120846063030842
0.09161683827219119
0.1893892177584547
0.2301995363914225
0.1502557206667145
0.17852896871809293
0.08281252406958545
0.24826471475950024
0.23254935597453236
0.09374401805275306
0.18262568573120325
0.1940842187456831
0.18509175126972405
0.12217152986215979
0.2333095791290936
0.11683484726981958
0.24626073892172357
0.2394705043153989
0.20966795838662627
0.19142054585043417
0.16636325587216566
0.20510153901765799
0.20416998404526193
0.18681966966201208
0.1471068631262999
0.2498767903469991
0.10548166676916332
0.1471806349418036
0.2505022893312416
0.19447154844998532
0.13238233777439384
0.09801006251699723
0.22709131137913924
0.09313557490071606
0.1541571008510964
0.0993152946991897
0.20893085172453024
0.15007209678080807
0.1612688740794886
0.09670245152213036
0.23027295731806458
0.2530089113985347
0.22528683792624254
0.19683767875659935
0.24363466123775773
0.22411741654684542
0.24195315011563184
0.24761183491227906
0.20993530417582956
0.11168265047236176
0.11241860227607764
0.12141602938828638
0.1386879556365323
0.08280491670547158
0.17194271747529472
0.20336345846131726
0.08210963164697799
0.19475404548500425
0.22858060068154124
0.10029844354669021
0.19716910654133474
0.07746749066924236
0.14118370875262903
0.2566218870866724
0.21980899109708169
0.2527674208106781
0.23234548486621837
0.10663102249698014
0.21426875162239817
0.253725231449005
0.12044899586296204
0.1949307465895373
0.2411483938083025
0.07897527902746632
0.21555604822615454
0.1313761247822009
0.12086440669230186
0.08351122667478289
0.1432846141467608
0.17875273092585514
0.14289772316578692
0.09055793630247672
0.07876250387766787
0.23615971156943666
0.08885229832097524
0.1400300582519391
0.12320173396102568
0.10479717628598034
0.16374365767335436
0.21722332750540257
0.1628779557949243
0.18546583144348233
0.10003878039370445
0.08484054012706793
0.25080230998709857
0.1207283794350617
0.22056207566183134
0.12254940373162865
0.13102177930887532
0.22344281386257275
0.10215790332123448
0.23689282622177116
0.2516808400138076
0.09891249557818221
0.20349220124241235
0.13965840204736085
0.26754686061788396
0.11247101230725981
0.25210228148394515
0.17387062717507568
0.1680381674914549
0.11219096224143549
0.18483654507493713
0.14348023989169106
0.1735419304841878
0.0804051191294029
0.16914831393488045
0.22951918693582257
0.19623725515223628
0.24551044925989057
0.14997547765703384
0.22994394761421183
0.21418772639917066
0.21286061911707393
0.13257345562874384
0.19062539363812864
0.22999107997574492
0.2399479947009116
0.14293467361514017
0.1335683784354274
0.27893663921725403
0.26149277815952016
0.2566098963772235
0.10374495013633184
0.17752333076475973
0.25647953219115166
0.12025925917355934
0.16426151838856612
0.10214176137091674
0.23655731882912917
0.12888887336211324
0.200827508558091
0.19142592458872537
0.16431837487309003
0.10858172363539648
0.1123565007452359
0.22138880678412537
0.10104258148671313
0.209398934291619
0.21374639059702555
