0.1664528953640607
0.17242524946218626
0.15860926559120633
0.14832025067062368
0.18959693471419267
0.18170820849203115
0.14147705013328823
0.16055137176493103
0.17738718895916036
0.21144335802153533
0.1591061704366766
0.20700707567192475
0.14295295847970987
0.16324420651322988
0.20394735406777373
0.15418028378521917
0.175805176893271
0.14105016147348556
0.15504297055294344
0.15165845701839206
0.16508553877453444
0.1229990486576836
0.15176246917493816
0.18815768889577608
0.13107813657648013
0.15421637002567898
0.15799746269852208
0.14811419333371986
0.17559393387361208
0.20366196497755837
0.16902438916317228
0.16469019542142402
0.2125994782642305
0.16329089781721126
0.165425459280609
0.15669344429919138
0.15531106146071003
0.17903261738815965
0.1633318030834516
0.14515488897954296
0.13883294338138027
0.13494023320827295
0.1671338153065207
0.1682150435905921
0.15744701097180555
0.15939431955407088
0.15078238981375322
0.15405524056374328
0.17703395380333584
0.14708068960860796
0.15148034679276853
0.1358226697003105
0.16363484242302004
0.17012753096610564
0.166008062932089
0.1402402712750724
0.16890462559285688
0.1740582334059769
0.1666498853853796
0.16982160696860102
0.17756132165413238
0.17770478036799373
0.17911906270000807
0.16077371714651853
0.16194710273046928
0.16151591693951492
0.1545923425652723
0.14597422598045026
0.15320106522580687
0.14243173587665867
0.1565934522019515
0.19577513476208128
0.15491679926218624
0.1664786325221573
0.189635840759472
0.15448271493157692
0.16687691419551828
0.1590494667835017
0.1373856984640802
0.1232177053747727
0.17674641514516218
0.15840898098882414
0.18423287140916164
0.1795360848873163
0.17696249730402355
0.17127308292991703
0.18302590668931937
0.1552701047093453
0.17608796728722118
0.16503623156661448
0.1554914663772162
0.13597091371227363
0.14373092759715064
0.21728277347244693
0.15671530562927402
0.1466409574328141
0.160402982678809
0.16165049450212174
0.17825163378429618
0.17884548797765995
0.21962378961967297
0.1798825508329612
0.17433744284835215
0.15887367858695498
0.17148277872344705
0.15160282613086126
0.1530115889541744
0.17330521186226208
0.1617265432068161
0.17587599410833551
0.17073153896295676
0.14287502056608434
0.16982791669817518
0.17186834122206449
0.18743986638654017
0.15324878391788208
0.1596297491907522
0.11789029580150054
0.1419642877967515
0.20957591137986317
0.17770464538071415
0.14873150990783043
0.1431172343235426
0.1363831037446813
0.15617740328256288
0.15761678292853962
0.15115217094866548
0.1638989062452135
0.16310308440553342
0.17270752626880823
0.1499715133717576
0.18071511724033382
0.1452899654784827
0.153684393628695
0.2140421216102066
0.15691857405799667
0.15808434503682964
0.12506802684380955
0.1504502326972886
0.17532902928078894
0.18166292744717957
0.1433749137237663
0.1497243759042077
0.17632142926456548
0.12484982980795287
0.14676081128581006
0.16333048377453016
0.17809881683802695
0.1461090635680877
0.15425995400459933
0.16679108936941997
0.17262742590782018
0.17033361717879167
0.16516785171964507
0.16802698378817413
0.14031270744145127
0.18724351021844196
0.17004204979063373
0.20110425294542963
0.18050915724573466
0.16267207770694478
0.13615516635963995
0.18335664274218175
0.18844203567401527
0.14320408807261073
0.16571095199640004
0.15593191505083523
0.19774248865068708
0.13977461971943336
0.1603892920900266
0.1937283575825499
0.14335764521763536
0.18955542640740883
0.1522638158398266
0.1807858994231689
0.13434408499024583
0.1550028437406676
0.1663895804523898
0.10743818598170082
0.15150331876558162
0.21749466008782822
0.16834160175689358
0.15269785315642578
0.1892139485312427
0.1734513049366698
0.16024431707084205
0.16864391647234186
0.17651929161299904
0.1665239080375359
0.16093069395329382
0.1817696949852494
0.1480088789234236
0.18143073785661132
0.17404046235003787
0.1608537491148447
0.16570275925056985
0.1577118268890821
0.15032881214150381
0.1492520332771918
0.14174647062974385
0.14652862904907302
0.15375736550329008
0.15694700183044993
0.14401163855318863
0.160243397039718
0.14911083956814639
0.12916537674331593
0.1591481302710109
0.1260620882947969
0.1760327262727089
0.16586347581575353
0.16519175234868852
0.13060944357523083
0.146364124739321
0.13766510819302466
0.1522139984282703
0.20918055227061624
0.1747545263008594
0.13919320235505825
0.10979242464144665
0.16782998569262128
0.15667078733050907
0.13988518876824427
0.19544620697493073
0.16912483354129423
0.16478399700135113
0.13752100542006793
0.17114900004956532
0.1627014088660443
0.1753491999928629
0.15877516304801406
0.16964720591282653
0.1524831714170852
0.15153707401259173
0.15631625275624536
0.170769674936438
0.16916534691327065
0.1806824570015851
0.1587918554758959
0.17129402246218792
0.18549644689828534
0.17030791452534486
0.1513566125842609
0.15218264373629106
0.15615549455839747
0.17345584370075592
0.14630958513028844
0.19354157257915758
0.15942266760462573
0.17201442662834462
0.1726955500234749
0.17469585416507824
0.14473716246284493
0.14118388151962555
0.1866174812853809
0.15568051176914485
0.17493749404705647
0.2298691645972348
0.15497458342574752
0.1862617735657541
0.15384398245379347
0.1511989742119972
0.14307679958251604
0.1587291877495541
0.15915844739102933
0.1534842602564008
0.17716964195116833
0.15369660426448792
0.15249541466367408
0.1452250953013445
0.17000009672217384
0.13829025885021803
0.207222383550668
0.14285494346758107
0.16456954030322843
0.24624380701828916
0.15059890412632457
0.18339946196543552
0.1649014771972643
0.18129871152942653
0.15982406745181207
0.16528170954602248
0.17591936570414043
0.1516239719871426
0.16347702120959615
0.16183197896141652
0.1622661595907012
0.1755531552253898
0.19558613638368458
0.19979306068042776
0.1816262956933463
0.1643755771459637
0.18092590236558823
0.14839574014609155
0.1640288375550881
0.1639226452506218
0.1596880634415074
0.1786238586877342
0.17033329515030746
0.15985773265325995
0.1695350840924342
0.15376551716295225
0.16365597754598535
0.1527681737370161
0.13995769344185513
0.17389203649857596
0.14980080166411344
0.16559257083803366
0.17296447242216503
0.14755019773252262
0.12608544638522176
0.13637739725253437
0.15934780840451576
0.13650881302655035
0.17133705749309944
0.17659424622508121
0.22201289445569536
0.14893173089614883
0.15266493166115677
0.1438155663703998
0.17310584113493174
0.1642676832731543
0.18723811554347045
0.15929221936877055
0.15705606437600003
0.17041996154014813
0.18403986753862187
0.16081352375533683
0.1744393919447916
0.15235289162390506
0.15554252648494546
0.169902119092981
0.16849826723458847
0.16559757289618013
0.1763315645972093
0.16451304297945032
0.17824898478026216
0.13255199275161564
0.18568213565502587
0.1594555804529507
0.16041350453158462
0.17306369236592709
0.13795196050806888
0.15790061155832943
0.18990996836237792
0.13178179898007644
0.18330362250676632
0.15918662081593546
0.1656081977707193
0.1503974478069092
0.1294313693681108
0.15182480847786836
0.1796506812073456
0.13621399553047106
0.15198514226732038
0.16747810200974353
0.18119179925849313
0.14065694198589682
0.23034703555659095
0.14613827375716268
0.17906099048434307
0.18101794022661585
0.1348733154805016
0.1549407209513238
0.15341522893127377
0.1454286303490306
0.16271901670378572
0.1896029821327628
0.1556920583349731
0.20816008088965074
0.16538104010680674
0.15798775634877935
0.1282289172005818
0.16278107013651996
0.1418713673576328
0.15144849651483613
0.1768336041172812
0.1620856144676068
0.1602776110206474
0.1462893513804477
0.17451212163677662
0.18754790838254684
0.1602226496641029
0.16165139460902087
0.14898502750871553
0.14649722857399436
0.15962446372132896
0.16713243624959415
0.1887648901333255
0.160972040829318
0.1728259680986489
0.1745506126046524
0.15364272432200363
0.19478160688052412
0.1565970591211586
0.21134701108894413
0.1617504962615692
0.14852323501159723
0.14698120051173422
0.15895776860042896
0.16123643252563188
0.15866115594842953
0.1682909066741157
0.16208472820933081
0.15709462200779786
0.14573419896842174
0.16578514559167198
0.16007464628236387
0.1502845133572863
0.163816157318548
0.15054395563936826
0.16361034655288628
0.16373638190513803
0.1614332494532261
0.16953491331886625
0.1531101504079194
0.1844290706724506
0.1559839243483769
0.16968392292064258
0.15234897510312792
0.16079355002836346
0.16452143813670025
0.1780788014019928
0.1554822344205182
0.15404004063307405
0.16340139684565622
0.14269958263684931
0.14262959724646848
0.22439777751847798
0.16688289526724007
0.14614213354606573
0.15413888746019552
0.16646069497493796
0.18099312846757296
0.2243276089980679
0.1627699581784536
0.188469995934177
0.15833258421247962
0.1560499983457125
0.12499207856021818
0.15614435553136294
0.15808713205551736
0.1676979359476983
0.1973119323425375
0.14665236780603827
0.17673460564851792
0.17386965833061216
0.16913091001529243
0.12851998959202712
0.14956228113730827
0.1551479041394442
0.15119241682168003
0.18041435718524443
0.16300669011453436
0.1511642243055665
0.1432872741173948
0.14815371649109385
0.157307864021998
0.1828595577641053
0.1868092354567603
0.16197990670847226
0.1499137929153724
0.17795363828487196
0.17091538824882466
0.1612625124409661
0.19712160831452039
0.1668769847015926
0.19184306391800018
0.15076517872691894
0.14997742338161532
0.1622197030188832
0.16891873034056656
0.17520653857853338
0.14818868591239873
0.15946768344992943
0.15491757394536917
0.1661583244882295
0.16141438781680104
0.1652565546187886
0.15807762087946917
0.15346285943517088
0.18396640781887838
0.1548259559705499
0.17138387269787267
0.1732427339707214
0.14414674999577834
0.14283735800609274
0.19134168051746056
0.1493829381873388
0.2282651306164508
0.16763940756672188
0.14141890088414175
0.16766319681018013
0.15283550399576415
0.13185769349845997
0.17397811875525745
0.187399948161831
0.17895130123713607
0.1561572882969445
0.14183441576299435
0.14229094052372102
0.15912030516416528
0.17113239744375694
0.15713215688571833
0.16149754072403752
0.17920027042635686
0.1650570208391222
0.16030057120784355
0.18984144152798163
0.1407379395485556
0.18624975690465925
0.15149799992584687
0.17091559790205454
0.15392483559478085
0.143144840435917
0.18462910038439193
0.14541839477407445
0.1641584091257224
0.14749092384429882
0.15389139328930743
0.15181137502816375
0.126279114464782
0.17453536720858084
0.15575564296866526
0.16583960387488825
0.14691639224338524
0.1653089268829305
0.17247776190835304
0.15862814639643394
0.1401287854565144
0.1373136526960926
0.1569720918775028
0.15289134602373897
0.15760217805435348
0.15874310417120216
0.1688847780506931
0.1625769458944368
0.14917325777286458
0.14121728791643814
0.1634696101824665
0.1412689645734215
0.1707375343752144
0.1353617789710315
0.14601326689739744
0.15801917280374142
0.16887403712151725
0.180879506072918
0.15484521860772624
0.14093814498528642
0.12796941285331784
0.14935263331078505
0.17260037302870343
0.17791529656447821
0.1630593496762209
0.1385442025077573
0.17321159990067878
0.15458959257047075
0.15392594511629018
0.1531805860234637
0.14089942979331002
0.14373497771836238
0.15857087308638237
0.15062063694654912
0.15698513877905315
0.15102218626380368
0.16265365665971207
0.1727285671736258
0.15224957302495531
0.17036629495753183
0.16049169452145592
0.1948884592824812
0.14681996078121393
0.1521407145629242
0.16536343261125105
0.1704359519376035
0.15267548805736816
0.1526942846404323
0.15604678063171026
0.15221092499942998
0.1650816612713558
0.1411032848217337
0.18111894368970724
0.15671325272102696
0.1327375598004986
0.1475360834734891
0.17463081069460692
0.15339875546467016
0.1421403515201146
0.15847278071130952
0.16677753954855765
0.18865330843727132
0.1523324114036367
0.14256670125199752
0.12944620444223506
0.14967061963001368
0.15574163717314313
0.1506993711975075
0.1416924821962305
0.14779645447059195
0.13799130541861868
0.15286792867031537
0.15253136678328347
0.17830494833767627
0.15493180593615438
0.16344549018150298
0.15727298833144984
0.16190908661277
0.1406906105819978
0.16628719591049798
0.1591325764451372
0.18824017885253894
0.18195398486361034
0.1491249640208737
0.1427077833788801
0.17130637860215656
0.1545136491456047
0.1667623419149795
0.16825169264418902
0.1401009897123274
0.16274508776023897
0.14957734095277017
0.17315027341175612
0.1787780562856612
0.16860816107045581
0.15696196671777715
0.16954287746884408
0.1652001672319233
0.14234393999117265
0.14783018876178086
0.1583439258103909
0.14799379516633135
0.16164656764666982
0.16256952160021063
0.14851132722639046
0.149572130507543
0.1783170294791094
0.1597606813968032
0.15128218029027515
0.1458318575649342
0.260383308915347
0.14908292760836647
0.15546607304569257
0.20183151256979334
0.1865284665836909
0.1574679319177221
0.17248054729108972
0.19747360258388422
0.1557517335176106
0.15081932939931605
0.15797313849420044
0.1531972347994128
0.16465899882550725
0.181873332075108
0.14578138860465858
0.1316799878833975
0.16995647632892083
0.15929253306800492
0.15381348968366124
0.15938371385906278
0.16863748950200483
0.1383787272736404
0.14114243094677256
0.14438421692427836
0.18128067088740016
0.1637225731185787
0.14350233803117882
0.14466296807373066
0.17024542136202045
0.14474277948761202
0.17314538479939698
0.16181360767932693
0.1737931464587504
0.18517794596258716
0.16038281880871494
0.15053905076257698
0.17116665097834702
0.18125331145811993
0.16215977361329612
0.16765233791986042
0.16016533653590367
0.15288952481063964
0.1730975947652694
0.19659981452327577
0.16154475178190872
0.16440550372927895
0.13658777986189083
0.19286995118749314
0.15756816496195078
0.1278805495085019
0.14997473597152108
0.15616835480027788
0.16311718579050258
0.17854614506896335
0.15257075142730944
0.21700687195042354
0.18652013994979863
0.2056578339637559
0.1834665787260493
0.16387728631772566
0.1724995373657696
0.18699565959281647
0.14905272636775532
0.1244216248839751
0.15326330555457576
0.1760522791106137
0.17829298954657488
0.16189301737453696
0.15111762836051465
0.1630553737747312
0.15444899982719748
0.15705700947644194
0.18101125479356958
0.16113154499232138
0.1641371686271986
0.14235632169785825
0.16951008204180937
0.158169627836493
0.14416084313710462
0.21131367061332137
0.14872387572641907
0.15178183438280266
0.15006100972320555
0.15987346647314324
0.16542180589914787
0.15832756617768892
0.1763214053402957
0.1668288305666746
0.1994891477796695
0.17152429268830036
0.15908264023750637
0.2096786381610017
0.17557099238448623
0.1807519790725821
0.1645502918818734
0.1504744513013507
0.16141646007156515
0.17968629709801318
0.15578223260460974
0.1596113254824447
0.15672233366937136
0.16510031668248445
0.14156828245422967
0.15767845504416764
0.1572086141301353
0.20842558077700732
0.14846777438479805
0.1636453714148379
0.1707434071190552
0.1443086148293635
0.16289015033821394
0.15386004211768986
0.14122706951097372
0.14954161921832174
0.1598613775311509
0.1556950339226368
0.14447044289730734
0.154504570932784
0.19699996894662905
0.16253050578732828
0.16784754602955984
0.17551303154379425
0.15269059034805207
0.16255612511963022
0.17078828733559134
0.1535534618367946
0.14572470926006661
0.1674224827569872
0.12015532704155471
0.14209362809429946
0.1345510403853852
0.16446162928493177
0.13940510923547197
0.16280403568873122
0.15869537858211732
0.16855481177300188
0.15580078602392997
0.14155318371407263
0.17512411723947438
0.16529702675561994
0.1683883903544686
0.15266491457429063
0.18711263094680106
0.21463925778179957
0.1526767855025298
0.18417908718713358
0.14913947738775676
0.16309616342887465
0.1633689550516418
0.14704751499610633
0.15281040025022694
0.1693815554625063
0.20842929083085868
0.23464500998437052
0.185244514852368
0.13889986247103012
0.14260485946158571
0.1651720026071752
0.1516452915524463
0.1507432642690407
0.18060630206390546
0.15543593282960863
0.15011635188050818
0.14455327088685307
0.1686809504156643
0.17418025265682188
0.14312044844428748
0.1509192710186806
0.1512696536541027
0.1676078327190442
0.14645164008546527
0.14463414197457167
0.16681128731976744
0.15646725077383225
0.14889518216530415
0.151687965385591
0.1586740877281879
0.15202825408854434
0.20128972288764832
0.18346988615307866
0.16810250626306586
0.16852462911939955
0.17099637267191078
0.16524923854450888
0.15873876049895783
0.13439401191277542
0.20067609644984538
0.1886486230692158
0.14174037248608626
0.14248709961901038
0.18204661914252837
0.1828444665874531
0.18771079564310786
0.1477736494876701
0.15653472770685503
0.1728009035245833
0.1919829747589322
0.14367223667508708
0.14852211249900324
0.16221792194765047
0.17342843050679188
0.1522918187742601
0.13951563595465108
0.175772726837067
0.14010136594640973
0.15612519554323354
0.1502065695035549
0.19074645068272542
0.15945027909284124
0.1367356940583265
0.1696912141572768
0.16254971984760688
0.14949829368100773
0.1580660488948755
0.14299602462339542
0.1488358798927578
0.183821777243338
0.14150942625503468
0.15241466561965353
0.15610523364595794
0.1103510013996086
0.1766681754627145
0.13951926733453143
0.17525959602625182
0.1485912555389902
0.15436199647205748
0.1433302094980475
0.1973673344274882
0.15120197243142916
0.1866346976529357
0.16215095430180612
0.19892755729190068
0.1812972473806421
0.17722107793952488
0.15395546306697258
0.14356888546876342
0.14705681438645177
0.1632750285087142
0.1888736476710194
0.17575730986485935
0.19327370521302276
0.1639080136245151
0.15053094951347087
0.15732204070939745
0.13978780222253326
0.14824425841740993
0.15506829937066888
0.191887012780488
0.16502706921183682
0.17330949375123214
0.145588336009403
0.16897614360378851
0.16619544124474336
0.17048403482074612
0.19753785980559688
0.16196563575319475
0.16384793900200154
0.18761040310536245
0.17906022041127675
0.1614678024561794
0.1467867078535365
0.14612211912803638
0.16241845247959738
0.1542925717545008
0.13637496386357403
0.1583475450741567
0.1631161983540874
0.14923563537913628
0.16382037241234945
0.17169114198788968
0.16533864444107257
0.2002925866611945
0.12280805115346702
0.14565452241872565
0.1547748975187889
0.19287059597233666
0.1998137462160869
0.18001984499672083
0.16637684428824914
0.14559439364806423
0.15938566813890817
0.16045779218965237
0.21099281785070498
0.18175796286234233
0.11794144040037555
0.1804210531153377
0.1451125059868584
0.14626279984708587
0.14090644026734497
0.1538175183613618
0.1526015864489267
0.15495569398854223
0.14637125419789018
0.13252691653726942
0.1624861703376471
0.13931007755532362
0.12930928035330067
0.16915303396480616
0.1608871517035175
0.15411515217111668
0.21695884628653647
0.17282566538063368
0.15873347132249857
0.14924839887481053
0.12418722514612576
0.1612756109726637
0.14873975647680768
0.1968238745158801
0.15065001612075676
0.1472023949794545
0.17070213064255121
0.15903581060237967
0.16889309704929664
0.16216114467760076
0.14744450967853426
0.155077362061218
0.1626288506100135
0.1436052247474807
0.15889102863281443
0.19044056385179228
0.15738259069582736
0.1459217040568552
0.16693970280877277
0.1716743530798933
0.14549806119266004
0.18445877021737386
0.12481075329253108
0.1633092535595931
0.18269228518207167
0.24614641987170546
0.16374346700087825
0.13791419860959261
0.21906680078410598
0.19199410513649726
0.13766351121489237
0.1491049576850115
0.22047908008592706
0.17263544226395064
0.16805867343894107
0.163196980220318
0.1645275854088146
0.12780716132217926
0.15327061644432624
0.17744522378174896
0.15923644504591403
0.1795107504027311
0.1714919308004482
0.1620566747396561
0.16101665211659985
0.13611585262447953
0.17034661005911075
0.1766907445043134
0.14817561758121964
0.17715662388848905
0.1605502858921903
0.15352185650601188
0.14016682449197745
0.18316536614140108
0.1445177089664795
0.19271445824311914
0.18013766723266275
