0.11554505558678835
0.19534428808749432
0.07837316189355906
0.17328866942858678
0.11598230165319956
0.12928563347957828
0.17280824578465642
0.13848091866272608
0.137090638537266
0.07515169139907762
0.12499039540188145
0.09567506793611313
0.1621665477418574
0.13504243804046934
0.06747641850174338
0.1451072399274803
0.16877914265434302
0.0813842419550459
0.1502834624275039
0.19045995735854088
0.21403972318938635
0.13457947167847573
0.16476504889065313
0.1942861090392005
0.22732504764459666
0.24307655069813333
0.15113332907055765
0.1159036576433663
0.1837934540506202
0.1014041634033479
0.1362268624785728
0.07059038754249347
0.13949157781948074
0.11599279300472469
0.06961105788856431
0.13748393208594123
0.22336678898140838
0.24783124938586992
0.12387301870013467
0.17539333226023007
0.1584122160614514
0.12050860978698147
0.08658737437775987
0.223500903106147
0.11737236309669696
0.11127934204105727
0.10640725293552464
0.10207558941067807
0.13569672293054785
0.24135670417418295
0.06069996440850833
0.27054274424707414
0.10992146016221382
0.12942831241592753
0.11734859605131165
0.16773867739263285
0.2977904676646137
0.16530379413943677
0.32559745222641523
0.18345426374314566
0.15481388170367044
0.16699688444199867
0.21422010995229973
0.13482843945393708
0.15206177621268263
0.1673270479763855
-0.008790530322834
0.09269563661521574
0.22209649589597996
0.0994485770379489
0.17784499909594476
0.276849469944968
0.18491766078247998
0.08873464184800889
0.16589110423285958
0.09327511478854822
0.057895005908792485
0.16459625386619198
0.17919075987685407
0.1767634743581491
0.10167927542960364
0.17139241920107318
0.15931262781792957
0.08920911434629902
0.11945806237546353
0.17668655372797937
0.13302912963919977
0.17749336427547285
0.1771982154456308
0.17188594389189177
0.13839907588724132
0.17240434550864414
0.14011368513832095
0.17209416874873767
0.2016251015306274
0.02975105448757165
0.061128324280942115
0.17989771888312645
0.16968696593860766
0.07009929727184244
0.23356394664898772
0.11283039101741865
0.1925679361018109
0.21018791261940073
-0.0018810186237765147
0.09879402235660639
0.2512141079988116
0.14139705620357662
0.22118371097453288
0.19595786719626784
0.13360411453780496
0.10807409668997892
0.09930735393511378
0.11297368137937513
0.16072345136469746
0.1636331478736464
0.13378713657233043
0.08348894164074366
0.139044315460367
0.1479479311136931
0.2771046492561375
0.13105070223198778
0.1339069537986678
0.1582381939266444
0.12741561293709253
0.15954729233359788
0.1182504127783604
0.26360292384545986
0.16961986203731916
0.16494153258727995
0.24336603858523198
0.1256170578770247
0.1687097101888393
0.1432246498675882
0.17655853288505907
-0.006550636874256999
0.16151023616050808
0.2341878502210613
0.17039094013096384
0.11495661611677438
0.11733861367199261
0.09934073554775179
0.2385402310023591
0.24051212189242127
0.12336391478070613
0.11966021211442535
0.19218604809236817
0.14908691721880885
0.14485035035579846
0.1133422556783728
0.14854494976597254
0.12984935658587193
0.17932020424724385
0.18899501374036443
0.1352712493457202
0.23033591857915175
0.22661321919406455
0.13353093877324385
0.1292120411649622
0.1523391801792816
0.260404525539159
0.125346349436109
0.1236332090040272
0.19996166215952682
0.07660349780284398
0.15216950372645677
0.21085448801375795
0.1585253528817558
0.1507284857516923
0.16017550015544232
0.16463406560346083
0.2269536460787549
0.08660427132888504
0.1255659743094324
0.19855882323287122
0.12728202500477181
0.16456400389670445
0.1193831429225845
0.11527878640688916
0.17778098202728954
0.19895771926709915
0.14906816668708833
0.08174976904677972
0.14265561205142963
0.13710046307117074
0.18856916256257586
0.17436952724808308
0.25698532238686916
0.22305680962487112
0.08586163905378208
0.15333693893233713
0.13581038953095698
0.16288896006404463
0.16654902380279646
0.2791861575480027
0.1902618685748531
0.22317882789013443
0.05252889462657723
0.10822795956857256
0.11875101989911907
0.2352758338005077
0.17165839416198359
0.1441250876680723
0.171156624926802
0.1559141164418893
0.19321755503172788
0.10841010338234536
0.17342116554399933
0.20249784871727286
0.17343555139111622
0.07119057984516253
0.11133973226095661
0.03156216483664803
0.08361172565786257
0.16037098750918033
0.2592263873779551
0.0914961278409023
0.1556697681064516
0.1243657919992226
0.19093381594906078
0.16102809268944618
0.1296221601698786
0.11489913616627023
0.13457042467694036
0.20779486942620695
0.14652750612374754
0.2442259801583958
0.16827107877317488
0.18924636647643167
0.15872355898946722
0.046741863658468025
0.1803682739203969
0.1547349488402212
0.16720282895627375
0.1735782324929237
0.1679295742068686
0.09690387369740738
0.15218741186109835
0.17015107452209055
0.20159403249161245
0.17290056084175376
0.33042744922065354
0.1434320336131052
0.2043175127442295
0.204198293708381
0.23971158289589417
0.09346498834433259
0.13455666637875963
0.22444008701957263
0.20607032743267129
0.3097672628357627
0.2026250619827621
0.22193967254416747
0.18253664307982942
0.1267428709447067
0.12809055766930366
0.11323099627176027
0.27283773517795584
0.16593897923347434
0.20723169744926123
-0.037268047203146915
0.19758968288794743
0.10684609913135484
0.11724416222507716
0.2057461766891178
0.040594308398051004
0.1192438872304455
0.07068295100087757
0.20608341415217651
0.23094435838938515
0.14513976016982422
0.14497310613800238
0.16406830502123776
0.179890781840495
0.08987634204948813
0.18738608460740164
0.09060465883370067
0.15478840817741107
0.26604632458223165
0.1768339797665197
0.1511452502048013
0.23291885973727122
0.06518768563869257
0.17065366970052998
0.15133651113552127
0.16468038762177517
0.08080769388034292
0.10101591366828397
0.10055416687015784
0.2430481435164588
0.2616548776757488
0.22162284926099735
0.1730630093011653
0.21276723290379101
0.1053647696835297
0.12073315063601342
0.19306087818075873
0.17253983256233424
0.07468572364733028
0.11326364407639056
0.0704415048291826
0.14036898527872455
0.1327558635018159
0.1117916107854493
0.23412985483388135
0.17994581212200297
0.11490960121591653
0.17577871631240105
0.20854160462862648
0.10856976506197691
0.1089341306390551
0.10683528716622565
0.3201816755236097
0.22901959371885866
0.21664626179904933
0.29985359963234315
0.13907529087399717
0.13785123725651746
0.14706912392997162
0.09862847404423844
0.2207732776056726
0.20955248223914102
0.14558240484368357
0.14852901636002802
0.10216040931588241
0.30515692548230106
0.24779345210671505
0.16612661151685332
0.2613460803018658
0.11472507787517028
0.19583379547415303
0.13494045716432834
0.1669352945045522
0.11757246212723271
0.18574032947733343
0.1379043147936876
0.12179468378899572
0.15450181741437075
0.189141656215453
0.17160718271387043
0.15832507231115905
0.10865213267634077
0.23457755790163415
0.15855296845561007
0.16387536093029492
0.10494283542710037
0.105779243460843
0.10369065422611849
0.11757141718995734
0.17421955159416763
0.09821942395017935
0.1068381037535765
0.12373021864322031
0.17793127459240193
0.1376223884408455
0.16309824871647713
0.21689146297199308
0.1179996555625269
0.09519049445345476
0.1417899250127314
0.12856275670459255
0.17265696443726647
0.20490030223295608
0.1581110165427202
0.10586253755904221
0.16880322185476454
0.16076878687539314
0.14165844800378113
0.14525756993499367
0.12728442864542958
0.17680199810912245
0.16792658195711962
0.06852575042351616
0.16803984984941459
0.1532320833948696
0.08692901821416577
0.1858570790807023
0.05788297409935336
0.16333666347011166
0.12886150185512912
0.16765490643667225
0.160987717507046
0.20925577940599638
0.2570449405245479
0.11227667117557272
0.1310666759562853
0.21743341899370505
0.10465789302773643
0.2208081119207549
0.12585086645606108
0.1477255906265013
0.1428445742580543
0.19987890945544873
0.19217846421973683
0.13966775374472173
0.1898538369105699
0.052003762983094226
0.21326467970112978
0.28536477937069704
0.22200796933545974
0.1102655186223801
0.18632718381228303
0.17644429507847142
0.12282513538775952
0.173060056554193
0.08498362021014538
0.15625486521712584
0.14447514300589337
0.18500484810966022
0.14734298112280614
0.16398954203204807
0.14778778927235536
0.1150723174695839
0.15782317220920866
0.10655463848474822
0.131718938635629
0.1253122585690889
0.1320260200300304
0.14371545543607245
0.13402659960394814
0.19045170687791618
0.16189677423454002
0.2153744636807275
0.11144507442735269
0.16595853364754248
0.0858070084875372
0.19061812098376674
0.2543042354030056
0.39424439736030636
0.005658884737126307
0.1379920445245914
0.1685696731317493
0.11552675898053077
0.14165168846621268
0.2580185752714415
0.13184742070903632
0.12782538607070704
0.2128326188094506
0.11923983070038502
0.19185315983008483
0.12355768108389475
0.14100880757262857
0.1145509503047018
0.17823324930493567
0.12551996705759838
0.14700950130982463
0.1596014006830505
0.18244076656551778
0.16480270231913863
0.1475601375993666
0.13850984802884603
0.17567897377970085
0.21966674903469682
0.11818461490710341
0.2031003802285566
0.13519794966627352
0.15957104845212433
0.19273231051676426
0.17937980903514258
0.22826510163723057
0.1802753012475251
0.1809119112756238
0.207748628431278
0.2055989005812607
0.1219402635581886
0.12872930014237233
0.13156941558591084
0.136959001918395
0.08991393979895135
0.2255792006979449
0.18485944760054746
0.21392863416064029
0.12168853292821685
0.17847542749862833
0.1637951855477504
0.1431955944857616
0.11080787941480608
0.14661670886727204
0.318676457448813
0.06862582603662837
0.23886117493278075
0.16113307876792904
0.2866622386550315
0.15490479644387928
0.20425779484115564
0.12021195794987513
0.1460146210989779
0.09268396590089217
-0.12661602485219559
0.1334688660771436
0.3029697984954696
0.2630899212688526
0.21192974745016094
0.10951425905595091
0.0688947656414341
0.20390054159636695
0.06710527003510536
0.16264288324252618
0.0782407006858381
0.1362218837622582
0.22904624303966617
0.18344274954358297
0.12754923453720934
0.19849214966079248
0.10796528265396732
0.11997519792306444
0.15174624787522634
0.15819360218789777
0.2595168311571777
0.16676790993460344
0.26739394505176556
0.22037276287518648
0.2592069643488871
0.1373870343136424
0.07520574305312538
0.19218844405153324
0.09163325614217877
0.16299040347476268
0.1614261538463872
0.17880941436533343
0.1520949197770995
0.2127777321076123
0.26697492539012585
0.1521428980554801
0.17553415093059666
0.09492241990486339
0.14672866157233277
0.2372046814763617
0.14841015486446413
0.10759662048962249
0.09002762646863294
0.13901820330599224
0.09797430758227205
0.008497430874046419
0.19713796021256352
0.11324340031992142
0.15110440730254926
0.21961778796140638
0.08417013254487171
0.20989704196648423
0.183897729951186
0.1981876786230778
0.21872194468180411
0.12523940601521955
0.1701185315972248
0.16974156604101204
0.2140885759908463
0.14442680731168211
0.11805594528425567
0.09639771077758585
0.18170475829423025
0.13195079079323357
0.22751054089993253
0.09785413027662293
0.200183064747682
0.2538334284222009
0.11798482174305863
0.14342970950334244
0.14052046582645839
0.08427285712723223
0.10086641201591018
0.11291607041598764
0.3024012439639683
0.19538393789625252
0.15991760139816968
0.25394958545168445
0.11001392776796728
0.20491247902270343
0.1472845390451707
0.12018602791902044
0.11394644949647625
0.13498769382431153
0.16920051002844272
0.17108991065708856
0.2515894099147107
0.3389985106616422
0.17630574146008862
0.20028208828700764
0.16163922907332795
0.12181913607347172
0.12930280972281438
0.2924355310641626
0.24091778137837122
0.15802124359431918
0.1850400609293963
0.16062862651232007
0.13721403302319002
0.21186046807472284
0.18608576476680788
0.12700962441273334
0.07822640409377857
0.07307687446637579
0.13411055336472355
0.09294206401572136
0.19136309902656756
0.11988227248480184
0.09973868209771442
0.09467886120920188
0.11860298282821108
0.09612550993671698
9.922793598504676e-05
0.12580201949080916
0.19680968280447797
0.0692727005294475
0.1897429122781933
0.3183813044241509
0.22074325162128564
0.12828291537896763
0.16370825059137428
0.1426348338680642
0.1675122985846178
0.21056178168504483
0.2401411440585642
0.09821956220683425
0.18220044607963437
0.21624434789191085
0.10005786011697793
0.07283110004769139
0.19676607734264115
0.14292472245619892
0.21358738636828553
-0.29074125580739896
0.13191938121119318
0.20530502916736232
0.19359080760772018
0.2578664482943982
0.09930975476511739
0.1495302618263598
0.23346031963492125
0.2157698191284248
0.13084071730100777
0.16072855353518267
0.12559238544255513
0.19339778023918636
0.16555550091533575
0.26208931310750266
0.1329989755935114
0.1855299300242056
0.15136233033526267
0.09525106760548782
0.2367498576130524
0.1464613943545717
0.15256923758797825
0.13775291264182196
0.10240531625595134
0.19324990753408766
0.23497141687043618
0.13508256900535476
0.2244871255552242
0.17854234647225942
0.15449398093282418
0.28872904806862804
0.21449695104521382
0.2621292402958644
0.1509118029512755
0.2649450466448992
0.10457474164801857
0.09399418452572386
0.139227573391991
0.16176525778175244
0.1536267656197994
0.1538332210271538
0.12265488165468702
0.11425420297964128
0.2093248731006278
0.08983799776625367
0.1849130443304074
0.16239389612923782
0.16844166588216486
0.18239833848785506
0.15524793934862824
0.08465115854132144
0.19464655716564294
0.19341300081579205
0.2621511664068625
0.10619052589094234
0.2101713954829278
0.11136854969633025
0.21315251133773117
0.2324045894276154
0.13879383832570213
0.12733255654905234
0.19445039987227652
0.22245168360370382
0.06998529029894401
0.15420439131190672
0.24611835822005768
0.30416133078849344
0.11228863605582803
0.09824339975345592
0.12039072760690195
0.17838467962990323
0.1418111627313227
0.17567246374036682
0.22564626436363744
0.10433423379987938
0.0734872021151527
0.14272133083421668
0.15882741370608833
0.19083079877283382
0.23289018479201606
0.0897289884841598
0.18059935094138518
0.1788037610842893
0.2099616306489828
0.23522686195391332
0.14133002610161904
0.23053608617032026
0.26191746600021343
0.22434525233471994
0.11212424943893062
0.14156423204946234
0.1712860259622648
0.2526503101819998
0.17327786423618596
0.1813772709981626
0.19199127066277022
0.07370079931203333
0.14951320569203122
0.12030324014506488
0.17598378027224712
0.14176427010020326
0.14463701011626873
0.12465930219193833
0.11784107936803007
0.15927958497019312
0.06722485553459395
0.18229867945980482
0.26842461321551453
0.10025472806467162
0.2849745068509182
0.13177635624723638
0.19938435963020834
0.12430092222094813
0.07096406512369513
0.04677646719407447
0.1815480264331498
0.15431056782467767
0.08894851300907758
0.21253676753129394
0.17673687635527413
0.10912590256994126
0.2109040531199156
0.15711672963845386
0.21454659821448707
0.1347801435403645
0.11326882332900001
0.15178911821857
0.2277029361641869
0.09090314879249833
0.1596311275077103
0.09453396286416571
0.1070413765639916
0.09805701840591596
0.15584651718149556
0.10288282744154897
0.06641063139125147
0.14300866498026954
0.16353385650573282
0.13755793050200915
0.18133070958413877
0.13898795070734404
0.1106251385949823
0.19187534143446355
0.13875522873011162
0.11702836506378222
0.07016646682747696
0.14006783245801901
0.23108717202621248
0.08934830746141453
0.11101188460714029
0.07694871365657818
0.08597387842044024
0.27779223287728044
0.21984982644654344
0.18942893096549449
0.26037810464370886
0.03422698566857951
0.1573655455971471
0.13192730916592443
0.0941012490787061
0.14294836573752134
0.09674000717951514
0.11300618563793663
0.20412015053408622
0.1193513977417674
0.12715487195535524
0.14078403117641125
0.14148083616820073
0.17028368635764385
0.15483662477451976
0.2530477104676391
0.2548723551336291
0.08822770144667558
0.09988946221803924
0.1178414801078107
0.18450740933042742
0.17095740727116368
0.10319974426189726
0.18470802509959972
0.10960104423215272
0.18654595403460786
0.12985500036515985
0.2629467058961243
0.14335895900297058
0.18186488637661252
0.1747016391934384
0.11242893308904
0.14609406937170902
0.15098907077622614
0.09120209746692337
0.1520964751681737
0.09492096021378893
0.13899586373563644
0.08833690049492327
0.1584362922890906
0.14584010716803786
0.21487617230021358
0.05703401727738633
0.20941007250562857
0.20883797906308255
0.1780231993001044
0.23100043005806625
0.17098361606453172
0.10849762710838695
0.1244360657235698
0.15405601532430635
0.1396780367122875
0.181346441122833
0.18936652664309056
0.15028908302253896
0.13717268149476214
0.15666766481950367
0.18836091620635742
0.1353340803457212
0.1710281631453951
0.13842425288980126
0.03849418317704284
0.15678335933139925
0.209215167967021
0.1858474703132118
0.12936394726875022
0.1847753804229102
0.1892802975867144
0.08839319756369712
0.15105447033095587
0.09653843876058046
0.15599357181319207
0.22694938562765637
0.14975305149346496
0.14512727080073717
0.17225125778023936
0.19863637706532727
0.283164093203729
0.1307997938585621
0.12766015406628706
0.12469605408383888
0.17198301086751588
0.10545736511918669
0.07415794439316548
0.20999243153730174
0.19624549678438985
0.11308252446503919
0.1987238188622209
0.1348949148575776
0.23777982312613283
0.1900654715497675
0.15575826497113454
0.13115545466253808
0.16047117529228794
0.1316279629420593
0.22236615625081602
0.30250807160460164
0.06711886799377165
0.20409818446183325
0.15782602555132438
0.0918313502653918
0.11107148257224031
0.21509133831132385
0.21763506859370535
0.1648677180209016
0.12756092341732828
0.1560681826915643
0.17640032595080712
0.11676402822234783
0.10922239446299775
0.17050415354609127
0.17766062908612484
0.10026765509906216
0.16049905130934866
0.20700281628422224
0.16442327730381234
0.15795056938797367
0.1271019594292948
0.24705778607867135
0.21725598660547663
0.18363756490006738
0.14354042893110314
0.15387684219894127
0.1745066604210564
0.1009154448400168
0.15996096345889216
0.21302135190226007
0.16766198849297176
0.10973622665640559
0.13532727526142285
0.09019048677447994
0.1539344447654542
0.20090883349970623
0.05315662529281523
0.17736641471629963
0.21762735037781378
0.1516005334476211
0.1233796636500416
0.17552361303478353
0.26550878960547214
0.1849289865266125
0.15994052751223747
0.19207310325420357
0.1992767421605009
0.1390691296888279
0.15892435582702924
0.3201448426008932
0.1575594822210234
0.11336088340373929
0.08274005264784179
0.14957102817050671
0.13020148675899967
0.2081999635624408
0.2493159721958245
0.084354925567102
0.12909160932301134
0.14695937900390205
0.1897628664785741
0.09300060521888909
0.09311789441266816
0.13434136939219277
0.09590985614738634
0.14652601753335925
0.21250925879443772
0.11140739485516957
0.16134256440478845
0.19917995855739368
0.17344185507277715
0.2938467177519377
0.16370261984144846
0.12646265499786202
0.15845735502414782
0.21872196421293083
0.2201457083189731
0.10477216117958266
0.10226359202320612
0.27795952925890743
0.12409240823894574
0.16345095356090492
0.16781172632830738
0.16053752979019292
0.08863722765517001
0.16707319657532005
0.24680212382412187
0.253816901490265
0.07841206981226301
0.3631842029903725
0.10571267852063437
0.13951027183419257
0.1473651934896934
0.11120172149604435
0.13403535448072768
0.11378214608602541
0.271299138358479
0.12623236568344898
0.0075524601100263045
0.2937661949957179
0.19447775038253234
0.09569024338923693
0.14402086064411013
0.18496683984582052
0.21826718889546703
0.10262228477186813
0.1409542789287747
0.18961417878784653
0.13736467947647812
0.1891608373325195
0.12191863785280568
0.23686780774705662
0.15368266122239582
0.137193087708125
0.1487529601330725
0.1609409298636903
0.10738149999768065
0.13669651936364569
0.22072328618148612
0.17288243598433006
0.1826015688892767
0.16647414545226474
0.10286560457270522
0.14739629733597992
0.06445890318702485
0.21695909526930934
0.16011376431800675
