0.11976253882584803
0.18370785074993784
0.10552377909429159
0.16605340928925721
0.07317146306117936
0.09484648054975636
0.15501276620358972
0.19597465494466365
0.1802327380026875
0.14884233001379682
0.14653999291738568
0.1201629783489463
0.158471652388749
0.18850195536901207
0.24956584543223354
0.13573814739236348
0.10923303690852545
0.10896915770703669
0.11033955119955602
0.20328510782090053
0.1222354164624456
0.1230376784129531
0.16094507225155016
0.11759503280934633
0.13236923109085927
0.22611302706195963
0.20539545518238922
0.09084660971289354
0.21442917976408787
0.1944092516364746
0.12205519423156899
0.13224550777997146
0.1272309126468899
0.11550170548009187
0.21867998997135576
0.08582950621497248
0.20065330648917673
0.41654442696989136
0.16819594698622625
0.10924009459235867
0.17133109476222527
0.1900142945800199
0.18850442494093292
0.24718793613571596
0.16818914003142665
0.10672995187353573
0.1440145697655838
0.14412770607351927
0.1564125842998189
0.12683607837438454
0.10802622310835458
0.235957236733596
0.14472634988346614
0.2321923026173859
0.16346747338491469
0.159033957715705
0.2564073901129577
0.16990816569591644
0.2790991631789299
0.1379477797622588
0.16774838956664173
0.18753548221042546
0.20191430774280592
0.18691445252526045
0.16431722104881533
0.25012077725819143
0.1371914400580414
0.06815922160662785
0.25369828654225707
0.1355814698641878
0.12482537998867355
0.14045180406857039
0.23447013626602112
0.14177612788781063
0.19208563571802795
0.16775548330799447
0.15949177856010577
0.18892306397713893
0.26137624026976564
0.18490543890390704
0.19696021739843034
0.10759378794770508
0.15861287931601026
0.20431927152734874
0.08162799217039812
0.19080305033333111
0.186961474806157
0.15219661367928405
0.19894503597731045
0.20952043564528522
0.08669871412577551
0.14538091976253012
0.228650447061379
0.11411376051333838
0.1713346154895066
0.09436947407774782
0.1847711108889003
0.2747269953284528
0.17426906811612158
0.18434677143122344
0.22777790797915093
0.1983022255873707
0.14198420469960688
0.15145307019186027
0.16372232040254903
0.048931205659178134
0.16972173698397264
0.2292742801766306
0.23946574189272138
0.15633849085180426
0.18304829630004216
0.09794855645347128
0.08510341614398464
0.14602068653339814
0.13067218792705504
0.09728594628301807
0.11962634512260478
0.18751426703888496
0.12909917197100867
0.20333069205108012
0.17608189941684432
0.08179964762941316
0.08055773759280416
0.14291474736543847
0.13778057261165438
0.2271333333951614
0.14606625868735215
0.25393676144132726
0.15642901447236235
0.27117660493676876
0.1840058433216815
0.22843767046790364
0.150076355974746
0.23755453064559065
0.21586717324478483
0.19285483740867432
0.2177585590129178
0.20203415602168953
0.2337692201358667
0.1900549592603093
0.17147461953607215
0.16248573616243359
0.14990888352731213
0.2680592866130127
0.15923427291137687
0.14594471778681534
0.1460753032078866
0.17357380221757862
0.170017147305642
0.13754486941236616
0.2327724524987133
0.10107482283737587
0.1453366831924119
0.11160654230692123
0.049817987814233466
0.1549270477297405
0.207662790727739
0.10176775951885769
0.21189797457882906
0.1589731967613207
0.1770116530919023
0.0763720828984879
0.08748429391076373
0.15284935413983597
0.06781713160406042
0.12572281609523578
0.21781072450463848
0.1653425653890908
0.13156339856974936
0.14210462550765077
0.15511861041016212
0.1683140734703955
0.09676061782859863
0.13642860625182712
0.16997026291890083
0.07425081255887117
0.18738600502614206
0.11743144191077287
0.08655134747401488
0.17267186464762077
0.1394835786482374
0.0960789850511134
0.1337545249023844
0.16400678558064663
0.12835666703113757
0.227275453133769
0.1949312576346503
0.2755983494281681
0.1793780951161445
0.15175390416186768
0.11519509391791988
0.04561493965339769
0.15194917660687593
0.17867987956351286
0.1679345859200484
0.23700849211609692
0.21172210783683867
0.1896557730738444
0.09011368668868514
0.16579659328080915
0.15941909586560454
0.06732445165697937
0.2300934821377655
0.2046914796353438
0.15572195677155584
0.1387318027787367
0.18135933183508204
0.1470083173351618
0.18340967038067418
0.18870400628598333
0.17941703264878786
0.13282381268114812
0.1411058067284256
0.08546277086047477
0.1674855187282951
0.22878189631011148
0.19450937671143664
0.192486129643066
0.10885458800778719
0.07323509324520283
0.14767552334787376
0.11034447966174876
0.06000963655340902
0.15505351886681246
0.20861582371982296
0.2439727057649057
0.15480102983858696
0.10978853097514557
0.09946323592133405
0.21537455908868064
0.11995093108031311
0.25074249100156154
0.06702711220930668
0.10719998920143697
0.10306949074346411
0.14801808795003796
0.061576623659672064
0.16094292015901268
0.2547760538208324
0.20237740778528057
0.20579736345287297
0.3027674087172726
0.21311533982899122
0.21880182590116454
0.17271339300786304
0.12052823789212358
0.06467006518810453
0.07753955630602949
0.20317527154564008
0.21948818519441277
0.34257891552170033
0.1797738752891705
0.2203861709417141
0.18470559678839593
0.10306017975796117
0.11616061984314888
0.07299205500844216
0.33231692407067975
0.112607648220376
0.18825685179299706
0.14686696532281734
0.1964859486690258
0.11602141207189165
0.19531719615320337
0.17888184087333148
0.09782567059948405
0.16446718857996753
0.10653073107964933
0.16973380683823308
0.15764346492649783
0.07830628564596143
0.18665063655075714
0.17133085383172936
0.10395667388638724
0.17256250083898855
0.2043688007573356
0.13042571570049818
0.14665567125665482
0.2716441828080383
0.13873583081945665
0.17308945206495432
0.20405276220854102
0.19926354395124848
0.18068693127298058
0.1561089770869616
0.09102379770546304
0.1754419334568914
0.09546902308590172
0.12795807568521128
0.1835793885340985
0.23714681372135182
0.23437465262944301
0.1829641338402705
-0.010420702793612957
0.06987825730048264
0.1470534588083789
0.18566914830482592
0.1842780397848095
0.005106886155423207
0.21020373047255103
0.0807647777123108
0.23250350057490332
0.09827570604337749
0.17843853683404842
0.22109571010936852
0.25798968270890604
0.1222357938610314
0.13524148923186569
0.16217734363674455
0.05930080857442399
0.11755253666734515
0.19048742014058498
0.2942619917342463
0.1533930753511856
0.24157055988538292
0.1221937183080779
0.1931038519627862
0.21169829107800947
0.08397086954097124
0.09738854669726979
0.22338507989077255
0.14611155626461758
0.20811412069704494
0.201773097626618
0.10105624088259588
0.10364619693159755
0.16677812850042104
0.23191182984147063
0.1969559724568099
0.14259908095866958
0.24510137881284605
0.09627976278517442
0.15339989723401265
0.2306940641669961
0.2003233515699806
0.1278141593894217
0.15798972277903134
0.24522579897112684
0.1771612215903964
0.12733079064436154
0.20927879648041348
0.138915225042117
0.1116631554461189
0.18638668558356142
0.21780486884219202
0.15628430930875992
0.15161182631111755
0.0639068259200902
0.16157898239761287
0.16704768740171863
0.08013309355943027
0.2404093489261081
0.2559737041840576
0.1726363704649559
0.10500141102231869
0.17020141192423704
0.1923910347488723
0.23228062304663577
0.2257731641115578
0.1597035995694882
0.11804759351015427
0.17153453013510617
0.19435342248457732
0.09622918739790837
0.25883383621214856
0.20108080731514077
0.23293457992703825
0.0937622612804741
0.1935982245733256
0.08018244424873441
0.24489710018038674
0.16809098302773073
0.07165157069947153
0.17022236601016558
0.18408381976035498
0.1595410636702002
0.16983612756412853
0.07689348197064796
0.098850096960509
0.18029581406722356
0.2026770433520164
0.1741688409559578
0.16731678760038343
0.29989566284126257
0.1916128545530158
0.15411302200882634
0.1383187686969608
0.0854238829214089
0.16910368978647988
0.18712674257364148
0.18443416954641034
0.10654587023069412
0.13928831498082622
0.206762307270561
0.06816959645129991
0.16431888927068433
0.11199372567670346
0.14103800295502864
0.25836823262986663
0.13113986654186813
0.16332228911241684
0.13441621605670162
0.22356539266123537
0.07264200755453365
0.17420506198540442
0.13677187573890742
0.08339467129499872
0.1073700213542485
0.19306849981263824
0.21460136411866793
0.16907121110308343
0.12244398239772464
0.15683489690667357
0.11203427415910097
0.07970185044724337
0.12106518552298945
0.11119453014150943
0.13682209350542046
0.118097439298056
0.10369443470195272
0.14774273735562515
0.191848815167449
0.18426369874192136
0.11627204538672681
0.19878252399928914
0.09159034544766526
0.16958173372648178
0.12913181670987653
0.21971085775156005
0.1593453567696052
0.18643241552274678
0.14730144952526622
0.27879703222799307
0.09846646029139
0.18438774923305773
0.10684759412638917
0.2018950724036349
0.15496269743378668
0.13218459954013567
0.1715953333119436
0.14464383972743794
0.18167227571260317
0.14035259780786613
0.1747306332577458
0.10846632986230359
0.13248594368329802
0.15539809265592358
0.1768457754953414
0.18856499996199494
0.12314142247575505
0.09754860409856936
0.16451091120663625
0.08119387848544501
0.12298930489943988
0.21062983788172113
0.15887667011319578
0.10720832149929754
0.19987604100499068
0.24967107285278453
0.15860445859876293
0.1556691474384102
0.1267553274578005
0.16271441347305055
0.2703290767723305
0.1317963884163201
0.1797006901742368
0.15675802834839753
0.1460368681175443
0.18049197593097202
0.21204158027160785
0.18637986830117814
0.23301897566322383
0.1525170778751727
0.16190422670000976
0.12533248631500182
0.1604525477677196
0.081924490784058
0.10432069334688965
0.2781570381697498
0.09023042966462677
0.24364019502662398
0.20861054795428668
0.24617378908733642
0.15704790573337274
0.20372713760440816
0.16770753138561387
0.1408437927590226
0.15118828554002517
0.12861731787618308
0.07799766516174644
0.28276479664220794
0.08803865242373682
0.20818206146031334
0.17386791670521456
0.20397032230417608
0.12051728136609391
0.13758914616408935
0.19723940196428597
0.26236585859160594
0.11455738444643901
0.21249541907049918
0.13938524577270495
0.13008192966149162
0.13241644966245625
0.07085197754557343
0.1031330754350504
0.1779165890234492
0.06411439580857914
0.16449187915820596
0.15394079117973405
0.2113869586546959
0.19521742123557734
0.14651794728356365
0.13063642581212637
0.11246038823751409
0.17445634073747912
0.09167480015085805
0.21661654157332216
0.18044618496068726
0.22240455113060464
0.16976851993454015
0.17426611458382346
0.1749886344268211
0.16964766343353327
0.22510790769468847
0.12626179200829218
0.10696088603676807
0.18182664458059988
0.20246513693699186
0.15036136620263135
0.08720715789112482
0.12088766132926038
0.11751425936811685
0.24013670238781382
0.16204440688792326
0.06576332001304919
0.14533600421349824
0.19487866673709042
0.09023726138424049
0.14813529818549637
0.12312499323229675
0.17421639620173288
0.23926679846191495
0.1591005423713539
0.1757734141428458
0.13998768597081157
0.19155617004831213
0.125914204938059
0.10071836632114556
0.07813032635354883
0.08086009143212028
0.11554887043555939
0.15122441340382142
0.06933529223355411
0.10034068178256361
0.21568147335431112
0.15808603972697155
0.19725836483983256
0.12883930591208964
0.14795725892741748
0.15268532626692305
0.1738316610846502
0.11467986330443136
0.17559894921118283
0.12801317568851767
0.2788886809936398
0.21631474517370133
0.1853367553785833
0.13025921003661894
0.20253308664049505
0.12831417920758043
0.20136733675412938
0.1577983342499974
0.09421557139960013
0.20805000107516225
0.3076630695435104
0.14143721171199003
0.16202883244490227
0.15029478050981632
0.1215099732527481
0.10312564863041723
0.15558338613480555
0.04557558072202017
0.14511239502113932
0.12047826185158095
0.2603702555909173
0.0945429058570103
0.17097415705961438
0.15260542184082126
0.17513217759635813
0.12637231871153498
0.04591430782446315
0.17273187277994168
0.08113244053515994
0.15121388575744416
0.10197221459043637
0.15887401914952076
0.08793206043283108
0.15336656545912924
0.1015472944446873
0.20197659145811803
0.19173509863400093
0.21084827538276274
0.1345559710983863
0.16991173487796457
0.3241254786870106
0.2232811750458734
0.10630096176958942
0.20198073141826803
0.0855143510282455
0.18392472331989906
0.2570328218879496
0.18817600406037177
0.09490744228179837
0.1287729602405391
0.1719880331028219
0.18465745080467236
0.18730966030757584
0.17122763395999493
0.09263179604352606
0.24471697222654296
0.1620399971171635
0.18661798450983624
0.16670181491216945
0.1163144264082091
0.2537763931467968
0.05429343568871997
0.23138350957861326
0.22429925930079092
0.19569226870407108
0.15119853852220272
0.11314321542492867
0.14330043646685037
0.21360704969229985
0.09409698316226417
0.1675267217452565
0.16556696946345836
0.16784352298454425
0.288782899379716
0.2137081583432525
0.16915835722142047
0.15403104937785103
0.15621529684144397
0.24356373103008594
0.16855718448668722
0.19362885557149126
0.225158774496945
0.14554338852794718
0.18912861233794187
0.1726166425553937
0.14869118353709226
0.2590845083011177
0.1344378339492684
0.21769306378949566
0.11817846113588798
0.24569490961287233
0.1515226198018446
0.0798829502192632
0.18924335537332426
0.19936139491940125
0.07095950492386335
0.1228699536077924
0.17257316309021692
0.11953086789428208
0.1633312803162637
0.118137934192178
0.152207573516701
0.12456173213712513
0.14312356057284598
0.19162458282213865
0.2320454932920566
0.1429401458800203
0.2852164667606082
0.20870383505564122
0.15458940630721268
0.049097912826154194
0.19072088771970558
0.21438341729061144
0.23512715843390827
0.21156329699599605
0.22459118229655972
0.06205446934067488
0.14773418915068126
0.151944770653671
0.0818269083394953
0.12717846819731365
0.26035863122726094
0.27080898133175846
0.0752802070330032
0.0635407981801166
0.13452814413334924
0.15649777535388906
0.1682182888565194
0.09454025024329143
0.16276564448751402
0.1915301362408241
0.1588980415094337
0.07612014184952853
0.14787201551142987
0.15225275110636688
0.21991930884012034
0.08490430893767872
0.18376921389901202
0.06554015268177937
0.25541594433452647
0.10615863490862157
0.1369627361228275
0.19359426618583225
0.16337502107590152
0.1447435161818622
0.1260320379009841
0.1191117552071998
0.1387245307073222
0.17378309356844307
0.19781677336323267
0.15768415909500105
0.1720336260794992
0.15324906203523592
0.17269378229850257
0.1974114666064103
0.17559664033815725
0.11594617435776894
0.14826279772626905
0.1474993414711941
0.0632482378095316
0.09836817969890982
0.025260973642455886
0.1938424052836047
0.20902712192412093
0.15780734581428033
0.15536563772298562
0.1394279986885098
0.15741614618047634
0.1365261742418135
0.08306889399308598
0.16719684678237373
0.17825359247664452
0.12134821693453124
0.11528793298919446
0.12769786930350613
0.19227920475079036
0.13368684791679292
0.2392980905733451
0.11248634900599996
0.13863263346383872
0.09738916107184553
0.14539846384194738
0.12962574884972852
0.26530268322748035
0.12732936964662558
0.16582399430907274
0.16729576813963018
0.07779793573328156
0.09657218454507793
0.0887790672848377
0.11620692452939237
0.05685402925494204
0.18754686240780888
0.07858292881649784
0.171086852315047
0.2088483155853911
0.17501552044341268
0.16428286951064336
0.17482628106007786
0.1785913686073456
0.0865740257555156
0.13131717261522274
0.20827105049832256
0.17493203815507136
0.07879775021838314
0.2089667297461411
0.13758294675863453
0.15286478496634262
0.15516785132533006
0.17649691491725678
0.16924714216665568
0.14136484088911333
0.14734399490391653
0.267374746541113
0.10095368714198319
0.05542627453586951
0.10790092649545563
0.09945483619142187
0.13788758817031804
0.17602496527861555
0.1156657190077856
0.15934067761072385
0.09374391680943245
0.14878982506150615
0.1468604438967046
0.23006491108962973
0.13447536901707163
0.2275294522140025
0.14429996682402074
0.11735932125139839
0.17548385300237915
0.11449402529659364
0.14852394088481757
0.045596311178927984
0.16764412368698967
0.18248255810288533
0.1505739692781205
0.28266997123148413
0.12644953152814853
0.18146090308818003
0.22731526688126188
0.18644765598501886
0.08345722539363121
0.08971470178966845
0.11476072447316954
0.0748287359397683
0.047866781280744314
0.03845449726050615
0.17669665695451323
0.11410843960015843
0.12337575602975764
0.2274119521098913
0.22650471854442428
0.21846778385588295
0.1705993764608998
0.12896896291220178
0.22225871751657905
0.251895301780445
0.01734564888249507
0.12057796107491203
0.18873704741226133
0.17098598212687516
0.1704303190735147
0.172982210247223
0.19059729034407044
0.14889778892104466
0.1514723100129451
0.20891761225832123
0.1942650815271979
0.1364950633006674
0.14748012565928603
0.1723771989015934
0.13273650962185304
0.21927825092220177
0.1591933481273352
0.1786484363820674
0.13601428350845457
0.10455341413365982
0.23660039464634783
0.043443402330122505
0.1259201930561259
0.1584300370497323
0.17663788210188916
0.10002280263607366
0.19725755937887207
0.16167949364080295
0.16137105899546197
0.14470671083344977
0.07719606770810733
0.1537856861179266
0.19762666895886508
0.1603939709875148
0.13403645601390438
0.1271996650001978
0.11657458759519398
0.14939124223219338
0.27252732609600044
0.09040098581878325
0.08645029899689727
0.18847104320305919
0.1607911608120937
0.15999128245514316
0.21592526530984518
0.19612989256452554
0.11868669186601727
0.14473664021402904
0.1341511079895606
0.19421484658514182
0.14433316638120292
0.21916102524664677
0.1435672042191366
0.0582827638277007
0.06300924166683225
0.19742696766799767
0.20039183651264486
0.17193121831562663
0.1554906089479981
0.12017127281588064
0.2148000197252659
0.08805994824553562
0.10022378091848755
0.1664352228729879
0.1371058310643018
0.11783633234388818
0.13146990460012004
0.1711366487084039
0.16980178643865207
0.15988735812543367
0.15381405931272402
0.21632322781421764
0.02180048763557646
0.19763821969223427
0.15036054088895429
0.04180040960390069
0.16731657036910508
0.13988028999187896
0.16283900582946007
0.19794386477193085
0.15833346178004332
0.1841146930023448
0.12716618491158255
0.04665641603817389
0.1084068832514857
0.20006855310746358
0.07451009071965659
0.19440229751383803
0.21409777317010797
0.12575871846780556
0.1687268707701571
0.3296226823914784
0.2614066423775675
0.18250090661156076
0.09257329714980161
0.152175522306622
0.20688776779424806
0.22511496508590845
0.0712060766480479
0.29637226926586646
0.1560014148967249
0.1338602614824312
0.21291335873273998
0.1876598301072584
0.17954350968713154
0.1485607977558357
0.2643873675859038
0.08292806804084635
0.11195802729644316
0.05967481223954463
0.19141066579345173
0.15881648770992174
0.18494984703209186
0.178334728788464
0.1567994073469982
0.16520907785389038
0.10036310001393428
0.09147400111374676
0.1578994929617472
0.1819610700679521
0.07977152019334624
0.27489021423028415
0.18201863388970801
0.18639183299312562
0.1859660574910875
0.20767225373134665
0.15432314342140468
0.13402645758721474
0.09779937345297576
0.22843486789330317
0.19197689272768836
0.23717882799147927
0.16010235487810215
0.1642165119210522
0.08687070995317303
0.13833849568135864
0.24932087200842967
0.1642220153958462
0.05649338415469107
0.2367863396296936
0.07956219306426432
0.13749147561642555
0.16887901585000337
0.12699227182050382
0.13039587621587984
0.33842220841362824
0.20012663397079955
0.15119276974477827
0.23745209272497075
0.16463321548646853
0.16279228100115595
0.1377802541942122
0.16072980788709562
0.23777604920889295
0.13469240790879083
0.15865017950979898
0.08132007835010924
0.19222610230205373
0.04370260264483103
0.307837854160696
0.18708968894226088
0.18789223450027587
0.20084707331222207
0.12082947000661975
0.1390416403056965
0.23803124137118498
0.13299714620414876
0.10864389242587252
0.20134076829613656
0.08735814469456621
0.07878935096130077
0.10420983940706871
0.07032223390502018
0.18054287166162825
0.0867347616988502
0.1416466299412275
0.18361142329432284
