0.09803639614134171
0.18900149263258317
0.08469862722034546
0.1593005492081838
0.12800580919846336
0.11537831324608624
0.17352056577166233
0.12190787791400567
0.10714988735567635
0.07978103352742874
0.1166682408328896
0.08792164385804396
0.16625527554557754
0.11843095269301493
0.06411669447444743
0.14782838513700444
0.1282353580877289
0.06798583064326966
0.15003805991557084
0.16651192878567017
0.21811771392511478
0.15335182137987863
0.17720390730026567
0.20662720930572692
0.24083328137170049
0.21718880757547873
0.12171991465576135
0.1224104400879232
0.1693670268604571
0.08531023776499966
0.10749599822246172
0.0824752133223827
0.12456361537780111
0.12904178120858767
0.06984753209665842
0.13370965665516218
0.23629809127178947
0.2488035256985788
0.12356522454778782
0.14063779675152085
0.16264210409159682
0.12068739129009295
0.09642261062177446
0.2233658032284189
0.09529850704408824
0.1382479282801401
0.11720694603343179
0.116015178605227
0.1391799490353642
0.2353215041306235
0.06647775782878948
0.23853489580543435
0.10830726923618803
0.12775970503421452
0.10348187933120187
0.18205808238880877
0.2895887133448366
0.16456826200501995
0.3096128147663571
0.19634661148030938
0.13944552609713204
0.15276374377663626
0.19610902284842052
0.14515261935942
0.13202161664532566
0.12912296648121285
-0.019892165314341598
0.09700206094909877
0.202703148481326
0.112629188560228
0.1596369380980642
0.2690956543638615
0.18856987217988092
0.061144965192332396
0.16349053265229394
0.09707779990258178
0.06981846207992323
0.17151622226264676
0.17314226698285948
0.19545439995192426
0.09390484981501565
0.18210694025382543
0.1494098971994456
0.08162511756280341
0.1172260947215231
0.17119085366605205
0.12131314309878624
0.16952676615011347
0.15813973726176866
0.1845477220426697
0.13133364087433394
0.18194718495841675
0.1513762777613913
0.13623153044878353
0.1973543593471648
0.03786617843467102
0.06786963615698335
0.1841064401611114
0.16111694963524012
0.06928479703299814
0.22297366841047184
0.10564238075957985
0.2020456340872744
0.17501276260316878
0.001850648491985657
0.1055784610531196
0.2607409583979181
0.1407617463009629
0.23169956330604116
0.16385529424582126
0.1173664288980347
0.11867767598053944
0.08180720130717181
0.12687161390001914
0.1689558006716759
0.16189793205593436
0.13395716822785173
0.10414829832987191
0.13710750441921923
0.11178554026352869
0.25028572995752846
0.14180389155475479
0.1298348835074282
0.16582527026101054
0.1338085387434881
0.1554504844827535
0.13408535619160725
0.2253996150148155
0.17056814238572923
0.09911116520433275
0.25277541284128213
0.1081000403811578
0.1638507190385645
0.13392411188116335
0.1404968748141424
-0.005854161277534464
0.16436295363460382
0.22515772557779917
0.1574384010508492
0.09471304902354574
0.1269233250521973
0.10915217398187986
0.24282831632270072
0.2236621718018559
0.13060913100842078
0.1205783643633078
0.1711139155552138
0.12765769039444672
0.1566286359228963
0.11951698197981439
0.1468014082018668
0.1282110533473729
0.14969543272275207
0.17330735082448032
0.14542681002451804
0.22225113393859194
0.22349789529480205
0.1383964177266783
0.1264655224381646
0.1411820189691839
0.2577529956184539
0.1376018967688572
0.11576933855390531
0.22305429411634306
0.09209097757045348
0.15522138863614574
0.2212940778567398
0.13712572250859953
0.13795246307958783
0.15787919818953905
0.15549211315570907
0.21520438353604787
0.08677062172932512
0.09277437153893284
0.18438902301699509
0.13886606541298283
0.14805379883808975
0.09980867014931502
0.11883687082934677
0.17574211001614445
0.17465350938554117
0.14578343241651068
0.08130191160619701
0.11021191459093002
0.14392591457358092
0.18819348106056558
0.16138546470805906
0.22858856625525462
0.20219481658912217
0.08167798769848986
0.10867780240023203
0.1558269588166487
0.15856099810824195
0.18337398208041097
0.25838094563231195
0.1902021513159609
0.23071998512874173
0.032011236680467986
0.09200691763797761
0.10703603768703393
0.24853883882238129
0.1824417430117917
0.15874615666473849
0.18048295558379177
0.16499932643521062
0.19364183004054922
0.10660062221336072
0.17443001733831195
0.19449777780868469
0.16300574756729888
0.07406386619901692
0.10152489154414354
0.03426669348105829
0.08635261931659174
0.1766356784934989
0.24984605241579233
0.08655866132269444
0.13008727313647958
0.1163162807401765
0.19910150513201738
0.16351990120389578
0.12081861767167543
0.1266095497325904
0.12212043199381858
0.19812310419926646
0.11678801609114806
0.2490528866708586
0.1742058848171684
0.1837781427795729
0.16428603394807792
0.05529174147990529
0.18730437350976534
0.14827060364562214
0.16757115121257762
0.17834903150678608
0.16980134971901015
0.1097633482143929
0.1479026130747242
0.16319884686226147
0.16971892200602587
0.14064458534036758
0.3302990833654903
0.1379059494843429
0.21860580343097666
0.18064348272068953
0.21895830389372187
0.10713484127844305
0.13726294620726784
0.22196951420093852
0.2019151732029671
0.30402645265688893
0.15983316827573865
0.21445733950489035
0.1863132865253926
0.13559731374471298
0.09861989432803722
0.11812409136962938
0.2769127841296399
0.18095708534694407
0.17049303017995227
-0.031070306372105755
0.17741814326369418
0.13030647046932312
0.1194700388852927
0.2078364603015624
0.03558060116651815
0.11174458209680668
0.09146607854218505
0.20861569494573953
0.2535472231731468
0.1205528772588624
0.13298907887829303
0.1558232301657936
0.16397563483040176
0.05815406272627707
0.16976859865093222
0.09885711954882762
0.14990371887274423
0.230788173446057
0.15891920809399857
0.1468306083426919
0.2394438361894362
0.07675206420716332
0.1437850679076618
0.15144400951013012
0.15273784777393037
0.08685417498499112
0.08846908742204845
0.10560526637046827
0.2192310413317252
0.2533294906017832
0.17345483891125266
0.133149353606777
0.19646870568324462
0.10454346733592376
0.14115662199251397
0.14865418695670574
0.14692357351373175
0.07900161834025474
0.10115586433846055
0.07606623426845585
0.12587787687403926
0.09203494411404842
0.10269756066264432
0.22966584027717565
0.16529309211048762
0.10971658538974069
0.16291215757834396
0.1955443000481845
0.10482306002714056
0.11774404180517996
0.07748414425810254
0.321321370813061
0.24111371547661517
0.2070980179847421
0.289921661047441
0.12197011580504932
0.152934066313662
0.16449205989335478
0.10492102791579869
0.22419579838861878
0.22324224468484052
0.14287785628899705
0.16646808864106918
0.11899874345224101
0.3133992252599632
0.22724842621936478
0.15204199483987133
0.24614907339299308
0.10619363600528262
0.1912292532270678
0.12921410950372944
0.16554967286316094
0.10968465834799682
0.18429133587611699
0.0815829236521107
0.13667958011039075
0.16528793403705763
0.1665473745642561
0.14057180348110662
0.15576381231796343
0.09907174162588026
0.22832776176915123
0.1527219035188295
0.1435455517413389
0.1146476207278119
0.1082129024390883
0.11402878121806162
0.12418215403149865
0.16781707860673198
0.10375894025300245
0.1140822439328115
0.12361343037147407
0.17918243279287535
0.14885330609740685
0.13248932662710164
0.19352532969513067
0.11782824258703381
0.08475094392209784
0.1472765955919823
0.1153790742294015
0.15535651041746218
0.20483163315897254
0.15711344508788114
0.11134275932325807
0.17332237397155334
0.15034418051852227
0.13252987446095518
0.1344399030050504
0.1169490778794044
0.14163431763800394
0.14993642165248397
0.08153104283166276
0.15997802476554634
0.13516496690845664
0.08670189599337072
0.19898941054502364
0.06592537596773979
0.16306093374929945
0.10384982031147896
0.16865461909656648
0.14137630327412207
0.20613913657733454
0.25751782811093016
0.1173764831603464
0.1359384775763169
0.2254834115567748
0.09228830222936343
0.2110127603151595
0.09877502251741324
0.11596039982693665
0.11190887433367472
0.20436623618195246
0.14888915375612174
0.14191771881778045
0.1776676921565655
0.06433170799038254
0.22436163181392724
0.2754422630990552
0.18340911852384356
0.11071992716469967
0.17131342711860564
0.1723256692380725
0.12236365706466731
0.15723969677082794
0.08296868873087834
0.16290394436045572
0.14207503454462564
0.17166807935170664
0.1367031031965151
0.15979829582163793
0.14268700687675848
0.09033810121860883
0.16858582274654496
0.10928944986025521
0.14001916215237095
0.1255032425921235
0.09539970308767462
0.14906994592141196
0.133478075187142
0.1949906677920568
0.18143584606630078
0.21060222286875102
0.11252399067440325
0.1827368885655534
0.11438506721091066
0.18619654557714752
0.2639059779773277
0.3782711001236436
0.007172587327345131
0.12759352210492156
0.17312133271194932
0.11046951094605803
0.1397418850195201
0.24984015947979896
0.1358881766330274
0.12152478251491791
0.22729386643413044
0.10025188553964101
0.16061322678591497
0.11810928667317364
0.15643409514771997
0.12354071996828653
0.14221658840220033
0.12854390694828552
0.15523571881770015
0.15779144685078433
0.16766619844228106
0.1548968391181009
0.1456549088332165
0.12508793411052907
0.18880414832263362
0.2195839527290916
0.07984894423060848
0.17921815846076447
0.11574532914853511
0.16676708398404147
0.19486313366517755
0.1649424466254861
0.23961405871500427
0.16664029262400074
0.18090743205033666
0.17611576947935514
0.22359360886352933
0.12360318235175152
0.12028737743102633
0.09268715028618765
0.1436785871468562
0.09851575389522524
0.21269285081753417
0.1666821887018686
0.2044112439702809
0.07721485475031156
0.165291067881921
0.18371565861414454
0.12986448458395675
0.09482471715523208
0.15212594041137176
0.30162986003988457
0.08953439279706085
0.24398226268487266
0.1542522599470196
0.2846716162018179
0.17013523112023102
0.1899265812420086
0.13228242556607658
0.15440498585475884
0.08519348426459297
-0.10800751974623043
0.12044846836815407
0.3094737384972817
0.2818827473824953
0.2293266160119991
0.08727514780081544
0.060142468986026903
0.20164572529686278
0.0616443585301982
0.1398004847847146
0.07744944369965609
0.14947739050520586
0.2306068721946214
0.18722152607361725
0.11667126738855935
0.18521865117286176
0.10797932386213435
0.12979810637490616
0.1571035189299461
0.1549575385973946
0.2458804726831589
0.1867389416764169
0.2585624154346803
0.24037403609006341
0.2680780991229159
0.14073267879815574
0.08941221489675663
0.19031198003104818
0.10351594172275225
0.16764437721607403
0.17651933690277247
0.16098559232362525
0.16971912703185418
0.2129511670613343
0.24962758774156282
0.15199187727477756
0.15396183848447728
0.0903899883346033
0.14578314466322004
0.20064034768527286
0.13804351114423283
0.1295559148529529
0.09410561060609937
0.13236069324715424
0.09760048585381578
0.000993622639577113
0.19270732354168138
0.09222603842095486
0.13938967544446731
0.2151850497983873
0.09516366772824544
0.1930600973675259
0.21115072691776504
0.18716803012179753
0.20323896773136338
0.11536033142074117
0.19290685760329568
0.1235842857510144
0.2174099017109429
0.14695332085458054
0.10083296481497103
0.10527004913921165
0.1903626005885168
0.1434118443599833
0.23637120314273044
0.09690373120472637
0.1785241337357744
0.2392391778357125
0.12673046360580534
0.14892702262765087
0.12760987050458925
0.10578887845817167
0.11079449285468687
0.11711124513902166
0.2741676972691708
0.15937714926671667
0.1375623095221834
0.23151768984723128
0.09669080272947725
0.21903867157821694
0.1420660966075906
0.09656229310658279
0.10611344886872606
0.13298455675607043
0.16461099483433134
0.18105059271026577
0.2381267210083172
0.33846839062210127
0.1717813244859775
0.21728029111070193
0.16396847673660378
0.10537615515950491
0.12704157023271764
0.24351405226694797
0.2517776124527666
0.16332902851227907
0.18553038681924908
0.12313987464942891
0.1265332974459555
0.21805731066572737
0.1974053915831128
0.1326703494904151
0.07457866515812547
0.08191088763501439
0.13367670304608756
0.09917547763791124
0.20063708949840783
0.11632742626037391
0.09679099567938151
0.10217230486896509
0.1488470385528499
0.10248991554975315
-0.0038884184484253848
0.11747629016119479
0.1678111120245129
0.053354142003118304
0.15752010301884953
0.311555810644902
0.22053005900749065
0.1384926409550958
0.148431859847279
0.16472255944576428
0.15870375165805814
0.1610700096512977
0.24800594934502573
0.10673273610783748
0.1782000017855161
0.22748669326161391
0.10520167765008911
0.08506925801959056
0.21611230253218922
0.15712440589536983
0.22588134681243036
-0.2889884650954182
0.1248932230991556
0.20485215416997749
0.15544188472011589
0.2583442306897438
0.10241725882176808
0.13436216797685244
0.21613020299435753
0.21813094249524895
0.1169886123136987
0.17080679529214757
0.10753552089067361
0.19901233094838894
0.1713574855735789
0.25125189165687684
0.1272979015697339
0.16669769416791366
0.15880765898140675
0.08582604990048992
0.22058582645868827
0.14283683063970454
0.15280700007582435
0.14326780666916827
0.11739583771770329
0.1701465305240437
0.20840611509168086
0.12681764930847253
0.2349037831941588
0.16586415782585037
0.17147103899734614
0.26870221818849227
0.21668503085245058
0.24615193356830684
0.16153452458792314
0.24813203686876895
0.09630684580087825
0.10611420983160058
0.14769373196012556
0.15886867910524544
0.1655124986652235
0.14768001813940454
0.1293746121439089
0.09597549071029185
0.22679663964445926
0.0993687675137784
0.19646580975590155
0.15267633433773783
0.1706898620074009
0.15002907406371674
0.11305118538367065
0.06529344039800064
0.1728027235606556
0.17497254612721622
0.2741818021100222
0.060289098006640784
0.1835695867543675
0.11860344007991516
0.19239899351364262
0.25209170686858806
0.1483393951300874
0.12766439815584038
0.17619786174248991
0.21353955982031564
0.0819105779214648
0.15903024499016338
0.20900363993047424
0.29047467572724095
0.12462821728003698
0.09601747648294937
0.1319676253474544
0.14578216235770533
0.11427767586446534
0.17467294173211576
0.211080035226568
0.1029401703205107
0.05879735480058371
0.13061887367990307
0.13702558299060505
0.1903077586475649
0.2034619862088279
0.10564662493593235
0.18547299892791372
0.17979832048139874
0.20500078740245747
0.23993077167657675
0.15852657936774175
0.21815732915130837
0.24315044150661125
0.23654846410803265
0.10262353206737176
0.11033186937688041
0.17627326369871743
0.23888759424709805
0.1690330307919485
0.17536835732910136
0.1614658984848446
0.08273874197915473
0.1361133039936533
0.12477812175434774
0.16139335106862407
0.1356023798770635
0.1264260314909774
0.12516462467919265
0.12087149032937036
0.14724972828147173
0.07481704475614978
0.16675241379883984
0.2594411394971473
0.11431387379597843
0.2909692592287957
0.11925811519534818
0.197438549816309
0.13151446793504437
0.07175183300289897
0.037227993734973513
0.1839359046494463
0.14360912437426274
0.08325457635436853
0.21850327216833498
0.17264045067806874
0.12266644686444436
0.2130905388049635
0.16600712865606163
0.18538150720196953
0.140087766640368
0.13075618343172615
0.14717580154920049
0.23427246039442545
0.08848846366581029
0.16245136745806632
0.10268511862970883
0.1171794137417104
0.0917450518682342
0.1602385378932327
0.11106439850177227
0.07830529298307584
0.13325370062190064
0.1748060147505204
0.09478512413616882
0.180795095854801
0.10509240800328398
0.1127108119075648
0.1650415140095186
0.1254169300491522
0.09891407655733428
0.07916500821593606
0.14732964582255834
0.22019391843533273
0.11602222956091582
0.08936568808590759
0.07539206366696669
0.09950328322888266
0.25883225230215445
0.222143699741895
0.20806605867635228
0.2604748291927556
0.03904147201350344
0.14452128066463765
0.15950933370259845
0.09988416182821255
0.126469948536534
0.09734561262624122
0.14149089782953853
0.2019975188740282
0.12586642905461817
0.1406398349598826
0.14714043417499853
0.15394889027697153
0.1752117712012539
0.12209352791912406
0.26727047846437324
0.2540066418638173
0.09560030129155997
0.09929148294755316
0.11560975302954199
0.1633988521817996
0.15962434704079023
0.12365423121323058
0.16806798992964342
0.10348845706706486
0.1826330055615613
0.12839369005227916
0.2257837341539105
0.11934086440598621
0.14715378276848837
0.15467817993259966
0.0984269887035156
0.1582526056157989
0.15605663368967823
0.09679468819588125
0.15664559439201495
0.10956198058433661
0.15368122009464877
0.10069437548598623
0.12545104701933646
0.14401824084288117
0.20292684927578308
0.040702819145506136
0.18115080065186792
0.17967052224361577
0.15903987047774729
0.20055413387917828
0.1508058272665803
0.1247621094266411
0.11357561169536554
0.1290257331119163
0.15025651145445948
0.18390900980551125
0.1755883543318521
0.1459524701375163
0.11848791378177867
0.15825240245127462
0.17618249922451776
0.11383636610546519
0.18317976314388193
0.15061064936852617
0.0432814498938103
0.134513399195796
0.2099488708208197
0.20951603095120303
0.1612861910329025
0.15777228721698475
0.19351782663540912
0.09611019414011321
0.16018708218452823
0.08471157799952289
0.1518652927067927
0.22630669070554976
0.16196364012875217
0.1447998259952594
0.1890062988316253
0.18903864226366865
0.2767669556825399
0.12971122982115582
0.12871241331076613
0.14993996961045206
0.14704938242380913
0.08966085094704232
0.08088930671168756
0.20703647488457608
0.19205586062913957
0.10803121868887441
0.20142085593641054
0.11186925471686618
0.2504546206016769
0.16141676426937232
0.14489491864172085
0.12173628873173378
0.14893294288138667
0.13663279596193154
0.1743483350317042
0.29334869809389647
0.08245315746022694
0.2172604325504209
0.12950226846608312
0.09852928027949157
0.11166248243976659
0.2031384545965815
0.17273594443070486
0.1776575004993864
0.1426200688750436
0.14947531593411092
0.18501984579662276
0.10957596796748006
0.1208280265820337
0.1560380260208529
0.1808847217503852
0.0942530592712251
0.16746136131771386
0.19072944602639627
0.12454976122453551
0.13330814907715113
0.120094798280975
0.23533262475005054
0.21353292337324645
0.13174118864420548
0.11318035510985511
0.14505975681707137
0.1875482429219356
0.10427891902670375
0.16501344497255016
0.2111095090777671
0.1859850593000182
0.10304051959599367
0.11642403791279984
0.1019189505524257
0.13896051538599408
0.1845763042680377
0.0761987472872705
0.18782683898658128
0.23264906193097862
0.14275846217646812
0.10959781048349246
0.15901100200538945
0.24133047381865558
0.17753848321358748
0.1785462519336565
0.18994717132443814
0.18731070929583843
0.14935398345544834
0.1510657280698605
0.29997698453105603
0.18341189104326164
0.09987388685793261
0.07835900730378972
0.1499416894482992
0.14156674709569836
0.2224135062249757
0.2422214156937145
0.0940655754019327
0.13875413201281026
0.15908569295819772
0.16484681940147913
0.10487050300261266
0.09211229815404529
0.13361506842847568
0.10538688953361094
0.13628144062436162
0.19918334642420552
0.1047580057367607
0.15534865354313662
0.21306088330974746
0.1855082955175263
0.2720874604267167
0.16469643163536765
0.11082287927977127
0.16784747215863335
0.22221518773552904
0.19124542240866615
0.11110222227356778
0.09091590974176175
0.24628731694549508
0.13599585421012467
0.1471647492909969
0.17250241613560066
0.1045076637829516
0.09283890174720474
0.14813688734573857
0.24069293844571732
0.260904080973382
0.09163576952987093
0.36902104285551196
0.10474352310046162
0.15608955451861314
0.15872675270104628
0.09995893695338767
0.11591164722665245
0.10904034883037633
0.2670154199809438
0.12717610241707922
-0.007078456078105727
0.29121348231235367
0.1953843153897987
0.09897046319924549
0.1405603365073773
0.169929569588991
0.19049855922837286
0.09948906000891058
0.1419370940216049
0.1657963212962716
0.10229505989976498
0.1614355557583402
0.13540973599799347
0.23932012545146727
0.13764126793904277
0.14316283046173237
0.1454914461293015
0.16676480908399985
0.07831561283295382
0.13648369151627557
0.21993997468456578
0.16489257100974034
0.18128490410172188
0.18065287996453536
0.1061927360226442
0.12668771730426862
0.08156988517195657
0.205604889292123
0.1423923652370017
