0.11205778628747098
0.19699449801429236
0.07927355630070357
0.1725769318205787
0.11520922708561376
0.12980111995251448
0.17221833678260695
0.1396417450189396
0.13827962384234227
0.07360294663658062
0.12349672521738858
0.09470362685743255
0.1591614605647641
0.1339619803529658
0.06862383971189945
0.14557486496521016
0.16710781929501195
0.07847143206117052
0.14995231342261234
0.1880156837839335
0.2134504921691685
0.13407296861589946
0.16579973637964823
0.19448141189091717
0.22859400657400758
0.2417156211502735
0.15295029405308652
0.11527370915276686
0.1876685023850984
0.10304147966480964
0.13799258193351732
0.06879638849099662
0.14118067114318383
0.11746840700607664
0.07069184693931391
0.13570372441149908
0.2232198889916877
0.24804383243018585
0.1239248653857778
0.1762938445231675
0.1574182991950342
0.11749587858507099
0.08683337557845555
0.22372696139987314
0.11670007806095378
0.11288080127536429
0.10400342802199133
0.10176330238455994
0.13564236594522655
0.2409762583705495
0.059747297628731266
0.26769594237950234
0.11170735981593655
0.13034338225103898
0.11633304134829675
0.1681148946859597
0.29839684415851314
0.16609080237913923
0.32425586535583417
0.18443514648829712
0.1547579730119294
0.16687190865025975
0.21664982146550776
0.13478486273699736
0.1498373654539507
0.16879584256249927
-0.008754667931381799
0.09249727810993896
0.2215027246044861
0.09735150506580847
0.1783520831012591
0.2810764552651793
0.18710357061008984
0.08887552312716801
0.16859928582025768
0.09297021533919309
0.05601977168607489
0.16424751955236416
0.17943145079401374
0.17730181469702797
0.1019934024025107
0.17183088190081203
0.16304326618349005
0.08996129139968673
0.11992318928760098
0.1760929512838015
0.13453419975041397
0.17597965200788396
0.1786309816325481
0.17118121677556564
0.1378612190239193
0.17084562534027697
0.14080312426725916
0.1722758472046703
0.19972075945778173
0.02837647227264456
0.05606871193271884
0.18128734355285725
0.16872349017645355
0.07283509883510825
0.23912423877859953
0.1130293525761144
0.19300750648959214
0.21066217546507843
0.0003572454204683606
0.09782755797770754
0.25109388237307784
0.13859404473143153
0.21246205840308696
0.19549311149491783
0.1325180511434852
0.10588955746398637
0.09923185461100029
0.1143206478865536
0.1620914891377235
0.16072848759701397
0.1335207951080009
0.07994270098819761
0.13873907008743808
0.14967566661531345
0.2754391504717532
0.12950276801024402
0.1321686137185965
0.1545876668866712
0.12813889693541103
0.1599263067467958
0.11783121767617866
0.2648542732837569
0.1691753968054443
0.16392276714392368
0.2433919464011794
0.12870794410453001
0.167664972836489
0.14232903524929003
0.17649790118504233
-0.0046342832080703555
0.1610173152802859
0.23295697744890992
0.1679977090906139
0.11240584768083445
0.12181548306180706
0.09757115931036336
0.2370049842134236
0.2395630884587091
0.11905185093133505
0.11762143422843258
0.19047465923885004
0.15089285506317746
0.1443298079607797
0.11116831093701213
0.14790142947002555
0.12926724919780536
0.1783452903834049
0.1890171227351934
0.13550203908936637
0.2293807684440549
0.2265432565437439
0.13323543178813063
0.12730444225124612
0.15331559648373178
0.2615124140924762
0.12851499023290916
0.12399636218230094
0.20336011107775187
0.07631360864528558
0.15251796917974952
0.21055150615434476
0.16261449295376235
0.14922697375504085
0.16107654572624197
0.16704092429728917
0.22675610572905858
0.08658637810016517
0.1240920932278437
0.20032464416225065
0.12630298299889048
0.1644897427148932
0.1150689270852826
0.11165339502892174
0.17694647098784327
0.19974099620794095
0.14941690816402747
0.08213098258975055
0.14635932611712182
0.1373032424951519
0.18767418203401925
0.17234625930871988
0.2607224018351778
0.22407981170452695
0.08733821882661613
0.15545012147095488
0.13507505380868995
0.16323329725326646
0.1680124300176818
0.27917930814026415
0.19177079381474132
0.22572484442936197
0.05157736608786648
0.10961789007773887
0.11839486992816045
0.23575752107302922
0.17113162919880448
0.14362121169374953
0.16954177460414738
0.15841928626092555
0.19157634953367836
0.10631634772949
0.1729692882914689
0.20124441710874735
0.17702757444292389
0.07123962829145494
0.11060145412946737
0.03195470961731123
0.08268901099768305
0.15942743668748388
0.2577373920166001
0.08870582395373228
0.15533615099015613
0.12241832701602601
0.18903004591107142
0.16167967198811434
0.12787883057111588
0.11320531309128784
0.13432613623085937
0.2079469321706089
0.1468242578879107
0.2435436140581852
0.1684375086754707
0.18926927447560443
0.16194677021752135
0.047155257927873145
0.1833188737821812
0.15460236247504305
0.16760841409766492
0.17261345015751084
0.16823423096228501
0.09696113192778522
0.15496208972495898
0.1703532864616328
0.20042492641821735
0.17395781503970725
0.33000209693607574
0.14221667118755588
0.20342007216250685
0.2040921776424881
0.23960110462027007
0.09298878899032742
0.13440159086426157
0.2270734567551484
0.2051053709565494
0.30866347048249704
0.2034169909835321
0.21932991516901448
0.184127594621049
0.12845704182389417
0.12597520630745912
0.1131778708368167
0.27276968767983484
0.16363565667175467
0.21133069317839753
-0.03776963844474712
0.19708573481514308
0.1035712552414777
0.117443163438119
0.20620816953530446
0.03908036635696571
0.11875201766919452
0.07082290398100116
0.20609549413493317
0.23146926108115598
0.14455128226077846
0.143371839970054
0.16733184981295807
0.17972474475563543
0.08869492563027709
0.1884022814518223
0.09115138217881022
0.1541614066900888
0.2656232716944361
0.17813843533761115
0.15183467605645232
0.2332186867216945
0.06698533110452853
0.16810291445402692
0.15052131230204385
0.16439755091827185
0.07927847835556773
0.10150545154161697
0.10255811310120028
0.24682793972641512
0.2626314507019924
0.22169092592898482
0.173844861871146
0.21441619870422846
0.10621669974445519
0.12214910359787107
0.19314213710383657
0.17434336189629351
0.07444661623552312
0.11350289694751409
0.06946108202527959
0.138743493371686
0.13270752560806282
0.1107437034497743
0.23343811952318205
0.18014168441149797
0.11484581624541906
0.17417606735400876
0.21060230945705266
0.10843272703293544
0.10774532992049407
0.10296136724615179
0.3198398516196069
0.22627662524198267
0.21610515869101193
0.29948964281346174
0.13954339990709425
0.13832919427305718
0.14745248886522083
0.09830821337670148
0.22102450559348205
0.20910384256498366
0.14601830915133804
0.14909179636870068
0.10167067157795492
0.30337501960702723
0.2480352629095064
0.1694128972770818
0.2609260479747664
0.11438111190503081
0.19849360973354924
0.13418011489353038
0.16472638965809938
0.11706626565374723
0.1859443770620957
0.13820746292824587
0.1252387301501945
0.1533782397286108
0.18984293154772477
0.1714448203601267
0.15693542827482615
0.10895878324830927
0.23497491625544675
0.15766322014892575
0.16434528447982855
0.10260083830167577
0.1067764795599962
0.103575192176928
0.11829053848991905
0.17502600091126774
0.09593025152187201
0.10535141367460793
0.12386586034943087
0.17653898214713015
0.13592609975992226
0.16355609736974752
0.21780655759550882
0.11683721357828608
0.0921748537735809
0.14154851981052163
0.1280358728279235
0.1736356238029997
0.20189235726842297
0.15615062741696556
0.10580020617015096
0.16836078798438858
0.15898865351405306
0.1421579253750594
0.14532605706642054
0.12731778534908167
0.17782625433588828
0.16800523466908274
0.06786045160685455
0.16750005691724307
0.15120431753978958
0.08757545368526326
0.18814662194410134
0.05785163288578493
0.16285744340696512
0.12525252084340832
0.16665058088474682
0.16489879802374158
0.21099369278684782
0.25689939395477884
0.11112566316269173
0.1294901658267789
0.2178076546539373
0.10565398519010555
0.22169821649953098
0.12581880457008426
0.14705928757010922
0.1433798391910773
0.1971272945238905
0.19582175144673347
0.1389562649566387
0.1906871496469666
0.051310209873450086
0.21276156383374217
0.28576278440931974
0.22239733145577006
0.10932613692771337
0.1862786546660517
0.1778235250086715
0.1237415281753163
0.1726412768132151
0.08437465719524334
0.1555683116287387
0.1443298425743837
0.18414497980545355
0.14716558228701515
0.16297608059064755
0.14794173331852806
0.11630439904304407
0.1578975651303906
0.10448311522790144
0.13082150534793252
0.12813865733864244
0.1329611002127507
0.14264798988103816
0.13394180664358
0.1912718875231505
0.16196270604890045
0.21573035420464565
0.11278607527061751
0.16786188582655892
0.08582955693032052
0.1909533875888899
0.2528726801490887
0.394340459636469
0.006330634112695771
0.1370620008256338
0.16618503363099174
0.11630508322918315
0.14245752194224054
0.2584319365737103
0.13227938095685027
0.12724884056499314
0.21318277681885872
0.1180176557065849
0.18845587452885393
0.12296779410278352
0.14112854289448223
0.11634158825693294
0.18307217204860815
0.12472384195593061
0.1473706642019526
0.162304810827464
0.18301692719575136
0.16315367933107167
0.1477508045111901
0.1383228535453303
0.177295870283416
0.22108261734676687
0.11682478192823603
0.20368218466126836
0.13277634930116028
0.15832974828280383
0.19274132384592324
0.1809762600107608
0.22836589226977277
0.1781667287330535
0.1803126348145016
0.20880461170629894
0.20621600745474614
0.12311797287434251
0.1345652271063973
0.13379141280244317
0.13836451851131892
0.08922073242192091
0.22601368073767275
0.18712056955060843
0.2155036961633159
0.12190493337805208
0.17706223672335694
0.16053611297136755
0.14208006097529002
0.11103177925038277
0.14816688857802074
0.3167151318178328
0.06976116959815598
0.2385797107639884
0.16158016504944522
0.28695860911637455
0.15636676326439758
0.2080516782734913
0.11715223770376876
0.14596977033453712
0.09297872102041743
-0.12453289953154217
0.13739521293334767
0.303032061406862
0.26374488952181824
0.21168014870421734
0.11084674740023243
0.06724648733661309
0.20380044642888295
0.06643582338307846
0.1642199872151548
0.07843879168572498
0.13537397785572342
0.22686537227209697
0.18307972748282547
0.1277996519217593
0.19937985464012276
0.1081861923877489
0.12193417552100055
0.15199317075652147
0.16013318671183757
0.26072375082882804
0.1651270398802745
0.26735289569688414
0.22090846814227272
0.25979600774211065
0.13483859881076127
0.0736847605637187
0.19173222335336004
0.09089339608070335
0.16284106257576408
0.16125615962563614
0.17890897835260305
0.15102538418258876
0.21234721670517148
0.26760091075724485
0.15231897170423986
0.1752413068304906
0.09388036586395837
0.14511452059992053
0.23809133982968822
0.1482171670625499
0.10704460943656019
0.08586559672507355
0.1390021910905896
0.09706502660876914
0.008246773821243225
0.19704916268668143
0.11245104169828896
0.14988628747381955
0.21731693357065002
0.08343702265637792
0.2104775056512206
0.1839998696244392
0.19809874584297057
0.2182983450443836
0.12440694982082107
0.17118425693798006
0.16955387077203687
0.21389945087890894
0.14540829593277965
0.11566781408637156
0.0951556042667942
0.18012391708686454
0.13234754417374067
0.22866160843017697
0.09660528143007557
0.20081614489342303
0.2542318614227198
0.11560996272835194
0.14448054374741964
0.14007469873769535
0.08179755965387803
0.09849498677925267
0.11469859760642803
0.3003256606562585
0.1947660119080069
0.15893946815572327
0.25411335949397224
0.10734889559897251
0.206930373083965
0.1483824890341529
0.1211135498980001
0.11517666211360406
0.13512394810996836
0.16755956060652072
0.17187800454406948
0.2511967346800564
0.33828540932837214
0.1770916692876761
0.20066797392685634
0.16468387857786965
0.12205260422100589
0.1285403441597877
0.29465135941932
0.24069476270153653
0.1561377744357209
0.1852142075055882
0.160604098096588
0.1378406626472825
0.21116529016423635
0.18523449408489362
0.1273049757215634
0.07973801803800445
0.07307358459173968
0.13211160385711457
0.09065593656798102
0.19101706675695757
0.1194913719319154
0.09936199670266904
0.09391016340635022
0.11693686673855236
0.09338027917454289
-0.0012378414014851402
0.12522773390431102
0.19733685050195543
0.06761698405694833
0.1906606406433849
0.31637170113220614
0.22045235208350095
0.12465311902118675
0.16406707757904287
0.1419045671267996
0.17007307257328624
0.20976447536448029
0.24047433440130758
0.09624844428785378
0.1832676549807293
0.21581575484984758
0.09985382919841407
0.07314701318092587
0.19603492991975718
0.14274362574107768
0.2132114315049154
-0.2881498730986834
0.1351264929639398
0.2072372918210871
0.1941620474324511
0.2574874208135978
0.09979892153983588
0.1484861910756201
0.23396974472791374
0.2187366443638484
0.12911341687652295
0.1606094687429827
0.1253349290746783
0.19256610072449953
0.16557379093467006
0.2625950068852884
0.13211681515699236
0.18531637738904388
0.15123164914026577
0.09248858086257258
0.23710863223755735
0.14667863608826018
0.15469691640974115
0.13861429946117249
0.1022209734838044
0.19078274162150688
0.23836894394640895
0.13336957082295875
0.22514508929098107
0.1781859140005017
0.15363722892445747
0.2873816599604717
0.21618330467810504
0.26191189972912077
0.14942425561449363
0.26311617874683524
0.10321519528933246
0.0941840372933137
0.13853048642965554
0.15928945044866658
0.15417377966783474
0.1522547037290259
0.11928166875154717
0.11604986498983522
0.20956793361198656
0.08905766498177808
0.18249765542425933
0.16225225784204594
0.16760836903721393
0.18420342112286794
0.15508275287120643
0.08818821676638527
0.19445965633444562
0.1922923704658846
0.2611481811529869
0.10640443707670946
0.20970566071645835
0.11156168065251831
0.21450505685199656
0.2330486951643203
0.13962747596432484
0.12674847100879116
0.19485610489094524
0.22215880984667338
0.07138655543240896
0.15337120334561238
0.24871606038520228
0.3034692499405969
0.10925199506096239
0.09604449826837053
0.11934157273805451
0.1770056380350919
0.14277463673934487
0.17627708010946963
0.22511740843705869
0.10541481176721385
0.07473123651555197
0.14338532129743237
0.15822021920977003
0.19055533480736353
0.23175723395837183
0.09003345633651916
0.17993319928776857
0.17738977368710218
0.20770058094595611
0.23580268311343658
0.14106031413923786
0.23135343821527757
0.2589743464676931
0.22408392080130768
0.10849688136881891
0.14160130814919653
0.1713125143482423
0.25413247031730785
0.17311844742259047
0.18046983501311437
0.19209339424049338
0.07197988672121897
0.15195132634463515
0.12042032968600186
0.175221536532706
0.14037940873127935
0.1424391111524746
0.12483423894263956
0.11859460856003606
0.15959847367855123
0.06591957412799693
0.1835339776865203
0.26917725108778395
0.0990694056392491
0.28505102074492306
0.13233752940228713
0.20013394081661945
0.12398888098190824
0.07243528736942845
0.04482732192083866
0.18334512900605693
0.1544958593271492
0.08596743880338353
0.2131061369965387
0.17613878053821547
0.10855705073261973
0.21225441698604322
0.15829824950961308
0.21620004356587946
0.13431113855927296
0.1131901154639034
0.15233117102001054
0.2297689402401801
0.09054644352794461
0.16069894615718242
0.09260323417491695
0.1066879624847703
0.09516697741808405
0.15549961050516742
0.10180879607006382
0.06435159623476638
0.1430479683597542
0.16438308006211572
0.1373213193184763
0.1826991576565125
0.14013382397914248
0.11319424169496806
0.19208423946596184
0.13867068871396443
0.11508081230262968
0.0714354983907109
0.13873038159953016
0.23002812860769595
0.08692193503586859
0.11096862456559636
0.07623421883507991
0.08501636307738786
0.2784693778769193
0.2205045791234072
0.18985917063128893
0.2603739697494276
0.028318311510678346
0.1584675233140505
0.1336889243934299
0.0947565950732579
0.14317369454157652
0.09471465920495264
0.11457720851104103
0.20388790679851893
0.11881747953663152
0.12753391796800245
0.1402984219898244
0.14170502748102393
0.171674543076269
0.15691204654110297
0.2513142567367102
0.2544557932250808
0.09049816845702863
0.09819686767277952
0.11481769284132903
0.18391214336004585
0.17126907169585692
0.10239072726682125
0.18361691827793009
0.10624073222410499
0.18780538042882491
0.12902226868564798
0.26554019767374937
0.14345388408221765
0.1815786502539124
0.17324544653680557
0.11245771025718093
0.14783842171206904
0.14950382339268503
0.09011819000814364
0.15351703123965066
0.09446682788479849
0.13722979883007985
0.08763474711036007
0.1568837020819602
0.14512529153711007
0.21841819370548352
0.055910917004410254
0.20893820651461262
0.20967502132353005
0.18120300689878593
0.23166734333503194
0.16893735311503638
0.10531606741332039
0.12653925946727013
0.15326570206225804
0.13611441532070495
0.18190567529773505
0.19066190330367122
0.15090337738602494
0.13851596487869883
0.15498040798324275
0.18777408028958492
0.13597786845012505
0.17128513431554554
0.13828340259650101
0.037702490295463464
0.15718914666215633
0.20817766979973315
0.18659836349636347
0.1294766825248565
0.18569976549810913
0.1880397214525174
0.08867564413617762
0.15053885822082397
0.09765265009504118
0.1538689647636689
0.22734837997890828
0.15230578938360811
0.14512462028216083
0.17193201399952485
0.20057343021973345
0.2831869471113506
0.1303210410909743
0.12794155955633163
0.12462590527844813
0.169958177033049
0.10012800100078204
0.07321616414015736
0.21356023448248868
0.19607376989102104
0.11434442849742804
0.19816613806591793
0.13379165403188958
0.2379161952452024
0.1894474669446961
0.1558405475123189
0.13028370950820517
0.16044806916338
0.13296370026138477
0.22278354337390632
0.3026568472790721
0.0655035318993949
0.20482598151873543
0.15485831845012743
0.09255170664714613
0.11103423311543509
0.21669167370434655
0.2208233518771941
0.1663414003061099
0.12634635231659636
0.15330479720789447
0.17512082343267882
0.11354521068640183
0.10874720354006312
0.17133044563791672
0.1773248397484838
0.09902404674228227
0.160210621329974
0.20896808631095792
0.16594264521825358
0.15725089496495476
0.12741489999568906
0.24711792693198698
0.2164210156293746
0.1840896309248527
0.14525293400330697
0.15408508215432076
0.17302634060195432
0.09904384724090809
0.1606228708329389
0.21491056602934927
0.1681674056139375
0.10996302530536844
0.13444989390199058
0.08936650172863453
0.15128989197825476
0.20332028005771452
0.055253747462851166
0.181942131649129
0.2178640074173308
0.1517101030211746
0.12248366547210016
0.176815933110334
0.2655788657088408
0.19036808588848397
0.16061844422999688
0.1909608163438136
0.20039134037911072
0.13978685923820094
0.1607469820748591
0.3211410763264573
0.15426347854940436
0.1143343898644304
0.08095129285479002
0.14790938617700639
0.12879665279950908
0.2095464662117655
0.24908570823049173
0.08328171394050182
0.12452263272762698
0.14617051327285363
0.18960550380353375
0.09142861898367755
0.0910734671476508
0.13379510929475874
0.09555073548868781
0.14878104342018428
0.21320596161353922
0.11146697570070671
0.16130990104091497
0.19910349772669728
0.1731649260240327
0.29326081229152096
0.16303267445626413
0.12924105297522454
0.15888601094538718
0.2173905219894623
0.22096417702200036
0.10418306105748615
0.10298531468326627
0.2785820248075336
0.12416827016944385
0.16274281212378455
0.16891188008322594
0.1591888899546008
0.08777476196041162
0.16868274839663816
0.24649439372624782
0.25373329402882133
0.07885882973197283
0.362910967297577
0.10383229360254548
0.1385849997969867
0.14655645731745665
0.11129454328936939
0.13589115676606273
0.11119051003962951
0.27154088636749996
0.12479212833925912
0.007844083755380482
0.29382504147634303
0.1941792761650009
0.0955663053226567
0.1460859115861784
0.18592346913896046
0.2174597128676023
0.102329221455418
0.1431938449592653
0.18894125343904655
0.1398701246811338
0.19099092701446863
0.12246140211908685
0.23659817043271775
0.15483057478587825
0.1382328244706797
0.14744397845003082
0.160202912086222
0.1070216759749289
0.13714723110739074
0.22084996255642966
0.1733204962694193
0.18308792573938878
0.16626480040634883
0.10171712314116971
0.14814452722115729
0.06351353585418718
0.2171047073260778
0.1609132914074265
