0.09579381414714269
0.1793603440439435
0.1014998242205577
0.14740221367560263
0.08505651967546471
0.08287961445611022
0.17131920928695746
0.17224071618755415
0.16347812540251067
0.14945529732622226
0.1364384272283031
0.1101992207826877
0.1665013376281894
0.16461293937180574
0.22434251230926727
0.1377557267543013
0.08576674750199287
0.10697304435074859
0.11754360152862696
0.19324716447183704
0.11772176927056152
0.1212572686632232
0.16558405940506196
0.10704049899435114
0.13514639253299082
0.20480395679846672
0.18538525057914704
0.08944916966982716
0.17888908064133893
0.1820017624844751
0.09512042919796804
0.1385254965955843
0.10069081091406942
0.11289562217987589
0.19441890788018237
0.07759489774409187
0.20535817657832192
0.4169858599444882
0.16694980173110563
0.09513446474944307
0.17720999617735042
0.19503522276598204
0.19301157919478962
0.24901958681217046
0.1559927620533675
0.12278443518192929
0.14712053915301862
0.15108862264130604
0.15391689904653538
0.13071115934142605
0.10923358365554844
0.20331687670743687
0.15294996567223762
0.23956403104734406
0.1638580075227771
0.1588888160481867
0.2427770595360762
0.16029769954420298
0.27292136487563046
0.1533162914791984
0.1626039960133271
0.17370158425269747
0.176312331493494
0.19672481589427057
0.1334080047654365
0.23281594896266386
0.1393012802918929
0.07100187278058193
0.24107763375597613
0.16031573642394306
0.1116783655588521
0.13678713944826268
0.2456215428489981
0.09913811754307031
0.1843018642946825
0.17758370101503393
0.16215682296701986
0.20277622493846842
0.2596086413939088
0.19270265143648743
0.1932261283651294
0.11042595367555993
0.14322647189289228
0.2025727538932501
0.08030231377991467
0.20103726651479678
0.17209514325937483
0.1490719326023268
0.19507225177666587
0.2159314838060804
0.07741903794557789
0.15124641093310898
0.2331259912832173
0.09922744274618375
0.16646055366701604
0.09161576960831039
0.19005773251828323
0.2731069163077
0.1515124584523568
0.20216563729879525
0.2064476046249534
0.19323204995193974
0.14454827828239625
0.12398705283187
0.14132088654040406
0.054797547409875386
0.17966213278068538
0.2289996614430215
0.2759628969508752
0.14038920604522973
0.16841008640998395
0.10335524770356994
0.07207112251358538
0.14773404487047395
0.12110822758252796
0.09560289653860563
0.12460312755022482
0.20490950365810276
0.12737591739517914
0.18185922565716103
0.16451537558732054
0.09252644802972701
0.0787404141352546
0.15334038038904094
0.15057445460615623
0.22560987073215721
0.15331233513264753
0.20859900635018092
0.1531212426361952
0.2340730082214033
0.19784045984952206
0.21699289046105152
0.13928794726693208
0.23318483422837732
0.18433871639397112
0.1964446011976081
0.22247325096906265
0.18703098228216491
0.22697531149094172
0.17308204777141992
0.18823695224547665
0.17796088171651914
0.15319115939791395
0.25254475686069444
0.1676580320086812
0.14603058935708343
0.12561537448761526
0.14803503146344837
0.17098909222084885
0.15206827637528547
0.23227252808555934
0.09936572423561946
0.13830036047574565
0.10555235796396076
0.0637595473466874
0.15652675170657704
0.22233198926969877
0.11440845314039813
0.21722590091394575
0.149984122201405
0.17001942527050282
0.08064238152171346
0.06564561416509129
0.16489206847798407
0.08453869901830044
0.13119916805682805
0.22972751762014756
0.15414335889745232
0.12244109389514743
0.12568395124002338
0.14969173723056875
0.15217578562737125
0.10421597289600756
0.10771342656126978
0.15444402207117797
0.08639900896538574
0.1787937723317574
0.09367371874305261
0.08781392817497843
0.1667728328637079
0.11444085495682929
0.09024781398848067
0.1428608135778628
0.14619131114116582
0.1342886032027702
0.23544454663926873
0.18618709740889886
0.2659321653760054
0.17384219265147613
0.1541476456821373
0.07574054475186567
0.06543665576372207
0.1487554742469825
0.1785193999380206
0.14380621995106113
0.24980038863742057
0.2139481636405439
0.16841608378186293
0.0773854301546702
0.15445184361523792
0.1668260481772644
0.07708188360753346
0.2486706439761054
0.2204131476791968
0.152293279310471
0.14031362705273162
0.17306577059794379
0.1520468850453461
0.18048627814270699
0.19739142780468888
0.18789737768227172
0.11524178415801709
0.14577901391156034
0.09524623881456537
0.17385676116091095
0.2202782806943715
0.19713017184076886
0.1593919460422872
0.1042597815407715
0.08952866155707712
0.15028632280426343
0.11165612269927677
0.07173375073247731
0.14698729478484931
0.1889068353271636
0.2246496384320269
0.1489204433259588
0.1097211203236502
0.10758895009620148
0.22422166103149174
0.11652397487342848
0.24994349590203294
0.06368795643670536
0.11318294184929525
0.11553540597726117
0.14532382611992758
0.0698272848396059
0.1567857137850261
0.24321264032597442
0.171273507249001
0.19545495755948414
0.3059180633047812
0.21456957546589614
0.2226490928272372
0.13193454025551432
0.09985556617003374
0.06951265372383361
0.0844007393719459
0.19942559087532283
0.17603351676054924
0.3474553228234421
0.14818638299555942
0.21977429212842142
0.18631200486493954
0.11199273360377546
0.11093033074796396
0.07685429425407647
0.33976668574915136
0.1213536811644956
0.15927216365397331
0.13603839189153957
0.17801722259661
0.1283451235517965
0.1884218430809792
0.18342613412894598
0.08200264595913384
0.16368928379841696
0.12875826880755156
0.17265241432780795
0.17008647881296646
0.07467131673712998
0.17160124233188503
0.16345184417566025
0.08342509617603475
0.15438881162932463
0.19043856349865804
0.14647733933020166
0.13105095264784997
0.24779453724063238
0.10918598804336685
0.16775432349883063
0.21553927355954322
0.195670245560904
0.15771577629909334
0.15743033874541343
0.09207782423039135
0.17988668151202672
0.09315853030883584
0.12905602391997947
0.14630869039674643
0.21955572697820863
0.19273264114539593
0.1514549140767072
-0.012001682291926025
0.07545400626262108
0.16317240142026074
0.14170769808641742
0.1600533116633428
0.00900997750640073
0.2045794524540263
0.07481334511855656
0.23555206690469357
0.07796909862808907
0.17834730406292185
0.21246734810904586
0.2481243942590594
0.1160763540512374
0.12111195031220409
0.14576085089544907
0.05441885986846065
0.1297531982897983
0.15992499970040833
0.29818753513736707
0.15915477018015942
0.23646120002787852
0.09131514955899031
0.18406095161579988
0.23389980104573543
0.09204153285132818
0.09232215826371098
0.23152653308861493
0.15384404289722756
0.2018193706086037
0.23049742402362033
0.11624645134120673
0.09429108588778787
0.15273649287825658
0.22728394054103782
0.17788175132620118
0.13658304864491974
0.2417468430741303
0.0813084300293285
0.1592335833914202
0.24124984451536335
0.1999486370988268
0.08046946284439635
0.1558216836914438
0.26142114877988476
0.15998259390443034
0.10520844144744587
0.23521889193992446
0.12868025786448942
0.11509384013994195
0.18276564766056144
0.2020092215006226
0.16991782801891891
0.15139260201939567
0.0716222281664946
0.16635188158643457
0.15995719495559918
0.08718937010564173
0.24844923098261987
0.2605552775086618
0.17537641089298975
0.11187080123445123
0.12979471645458013
0.1792547569416699
0.23192765015838582
0.215507743444501
0.1572076146787072
0.1187036196871541
0.156605442701588
0.19815481695956022
0.09838153371768685
0.2516547093670949
0.18756910906646365
0.2180058796055701
0.08094083662489623
0.18977760016332076
0.07058534241920017
0.23124133117270668
0.1570889111024246
0.08247872961942324
0.16535082114427976
0.16291681017843915
0.160680849619698
0.1792000742271219
0.07817782179413374
0.09428300997382852
0.15918077387934307
0.21532498505372205
0.14895181547212785
0.16832012018329753
0.3288036616720747
0.202586973783149
0.15799057271348588
0.13821633337182263
0.06389430930767184
0.17017072352598425
0.171384609612942
0.1680046182429947
0.08904302256787133
0.13770739918809052
0.1789704314210354
0.0684778301912696
0.15359163846769194
0.11926726686607078
0.14728950262854948
0.24767650517667766
0.08362754064466849
0.16323544649159175
0.12666889599655032
0.23188811931410644
0.07385377646628713
0.16100249873524614
0.14998681788520338
0.09366793540847027
0.10241723194443539
0.1829306104296057
0.2176790622024867
0.17589055288999408
0.12271082029957012
0.12772253216845822
0.11930752817552445
0.09020350075695935
0.12333849027708718
0.10394882481735776
0.10202908700774224
0.1250929984640717
0.10313580876795722
0.14372318770879525
0.20190565854150908
0.17935261058177188
0.1204818616519355
0.20766085183500335
0.11149468689013917
0.16297447540848167
0.1417999313543699
0.19637867044322993
0.16745798696707404
0.17445582351730707
0.12335856716915657
0.27119991990928916
0.09963795519312366
0.16834990469025596
0.10895402199593993
0.183346222992551
0.16345119241647554
0.11411821871614622
0.15920568529280854
0.14171953313565785
0.18443645905366807
0.13384256169252604
0.15144811353507712
0.11339344086717926
0.1422384081183368
0.14407662413041858
0.15931587057178512
0.1739004797234703
0.13139038599285044
0.08409034523172146
0.1682045713478502
0.061803513378733715
0.08965395378881327
0.18906246832580695
0.14898145409678604
0.12017182129420675
0.21751650879861764
0.22905257843687915
0.16259930817097298
0.13372769466507065
0.13027192215053549
0.1384513721851964
0.28237932398933707
0.12746192276135185
0.17788782891644347
0.13546180650889258
0.15752989762586553
0.17585652601355198
0.20828690911217548
0.17387217673882435
0.22261544379315448
0.1158842077006996
0.14292440873450044
0.14371893214940198
0.155125547138877
0.07860209168288546
0.1008693312649491
0.2755494729298307
0.10101364474046551
0.24787376638065442
0.19701442989925635
0.2419450736614286
0.17740022681142498
0.19140243895298945
0.17601758360560035
0.1436260185440583
0.1485138609986355
0.1414580438159821
0.06565400698481247
0.29373759389981025
0.10150161542506228
0.22417064927283617
0.1546915585616679
0.2065379530403514
0.10102989129643011
0.11514693702983739
0.18330645982596014
0.2745773908038631
0.11886591995438045
0.21144818599570395
0.13320061930778876
0.13158505484392993
0.13180926804960383
0.06962779289818208
0.1052797918990783
0.18277797783183863
0.04246677174239544
0.1588056421823466
0.1631151969342864
0.2106227662188881
0.20772715036336306
0.1503681731405567
0.12560268883549355
0.13030909283321865
0.17440570270962175
0.10746264471700157
0.2238564249648792
0.19141667458225542
0.2175274775623786
0.16333500983627644
0.16569225806092377
0.15333745713216348
0.16399523295308757
0.1922403382516875
0.12462723208988111
0.10523046428349184
0.15189721776227358
0.17966171267730893
0.1522438747119033
0.08590379281668345
0.111114507206002
0.12263872724067346
0.22566840968166163
0.16090067384883577
0.047903149860723665
0.1307826341948463
0.20751469379251697
0.09841966837428154
0.13774850599477664
0.14487585983096019
0.16369332392132174
0.2308667709507234
0.14865712379619098
0.18675476077947678
0.12201684913858128
0.197650328234654
0.12523964966666765
0.08510322563510184
0.08956926089054637
0.09675476762235838
0.12302511262829527
0.1608259107928976
0.06652789168129883
0.07049547726309993
0.2026423230162463
0.15410177718578666
0.1965184641094518
0.12401099577470151
0.1564678067049195
0.15887794390748608
0.18627723626980497
0.08926689728220408
0.1475601480150991
0.10723559597590224
0.2599319204038063
0.20736505579699044
0.19210348065327762
0.12106489659428873
0.18394762869058112
0.11560799184667178
0.19698815048569343
0.1748305179843752
0.0950673865032122
0.19477371835967391
0.3109288373421708
0.14790001222159685
0.18327673071204914
0.15052198837070688
0.10326001604031973
0.09974215740965428
0.127897999031625
0.0705851512090126
0.1493393565563045
0.13526248375537236
0.25320181515153056
0.08771862250250864
0.17460209241678665
0.16111911246192487
0.16839292362040256
0.11455095798376777
0.054855198098413466
0.17327220506856492
0.09464182825777445
0.16473337110563271
0.09166214188049995
0.14241230892747722
0.09251279219924288
0.16267139489972168
0.10094918956925028
0.1872148738407365
0.20377739925806068
0.20377121753925467
0.11692427004572634
0.14347759698142867
0.3304221551835795
0.2287678337149506
0.10532502472206742
0.1891817807115306
0.09626576588264502
0.17195821721799967
0.2300925592954412
0.18016582618950774
0.09572296127557495
0.12665421221919682
0.1667554911583356
0.186019148592087
0.19925719140052167
0.17852675427470316
0.10244998492240551
0.25527606712979173
0.16851153432751584
0.17869924611155905
0.16282835315460906
0.10480051346513994
0.25189982286819174
0.06187592096501629
0.21350056740327217
0.1924924312571559
0.1947514786775316
0.1367553233138847
0.11184925239419496
0.12641346289861208
0.2248460126746503
0.09298871288737007
0.1593492302839478
0.1599660718098636
0.14873639519529472
0.3006700077419304
0.20491505641147986
0.16960146863364345
0.15834929662610697
0.14344385376331983
0.2481455705044025
0.17408802661894682
0.1697027816988551
0.19868492152633763
0.14223280644075292
0.20437974944166293
0.14742366809707344
0.15325864212433388
0.2403018711118416
0.1465980592196016
0.1934205792888446
0.12929269261187168
0.2352284185476571
0.1471068274755757
0.09013216226101176
0.1935949015317475
0.1879647749407587
0.08074494315784181
0.12913000879845468
0.18635485497925006
0.10881349227227163
0.17510627347626478
0.12636833287141627
0.15448187538324926
0.11803443542436251
0.15511768183894378
0.17024479147412996
0.20308227921593186
0.12279638604559792
0.28871238138589583
0.20173832580505355
0.165877419611252
0.026235498328541912
0.17474076815788797
0.21305201942696772
0.21604117647821236
0.2227118438626349
0.2260674863005432
0.06796048149243247
0.1339025210005445
0.14833798890060018
0.09656840173251705
0.12618720134644149
0.24128728066120672
0.26523749710724626
0.08147905717395268
0.06380176775392463
0.1380116430701722
0.14173975248712894
0.15122812253019252
0.10376829337028723
0.15848089542603408
0.1958922458795668
0.13560679161328296
0.06964785670185278
0.14353733520250148
0.15675019499756956
0.1900763277066998
0.10176438768419344
0.18524944112115774
0.07121908155937576
0.24532134883095344
0.11231928453077283
0.13898552049992619
0.1813428013796831
0.15810387130130588
0.15082060844195677
0.1161332022717084
0.09351415299529905
0.14098165311809935
0.17269599718651304
0.19999309112322142
0.15347550429123621
0.13529404642357318
0.1674658402753906
0.1634154798135969
0.19496010319781476
0.15840274348136288
0.10291542416816352
0.1348970061780687
0.15018229458187543
0.06493365844600871
0.08906026964693928
0.04300951098328068
0.18098562704316964
0.19794204663592185
0.1641697955950577
0.14402799939626854
0.13870453146241973
0.15265635161314303
0.14088504021191736
0.0671455483626239
0.16412195021039874
0.17508884310080824
0.11105289722526132
0.11715286383725185
0.12248364667946367
0.1953283931567136
0.14114382505732193
0.23594860310148583
0.11563765440016446
0.1160783073697366
0.0980835570981787
0.15313674626950877
0.1315711868799375
0.2825991544093358
0.1361260641424187
0.17930493546077145
0.17265643193842273
0.08830940671477225
0.0881862450791587
0.09671015795619772
0.12279645731224015
0.06616941172144111
0.16572220314104494
0.08064257994244875
0.12953727556642544
0.20156096898521
0.1638031124738691
0.1686103137636392
0.14009454012565747
0.1746841447798216
0.07401105028569796
0.1363123602428329
0.21777742574666548
0.1590961321400551
0.09498991972350498
0.19395522223821518
0.12929798123906985
0.1621237490578216
0.14536627949898293
0.17102647488488748
0.1732555664324255
0.13286806024162767
0.13965820926184067
0.26473256602946527
0.1190324785133507
0.05503088722739333
0.09379604281695517
0.10159481585682459
0.15199543547998404
0.17927117213646326
0.11890832557521444
0.17415182333313659
0.09344434186523984
0.16801451930959072
0.1537804729346945
0.19130713767805071
0.13581112074066118
0.22653365621693833
0.143161599672575
0.1257386684145753
0.17683885026655324
0.09224438284636663
0.14951876711340215
0.0670366780278964
0.14941403285160934
0.1856315032001736
0.14090168408480913
0.29689689295745136
0.10001143129484533
0.1748056040835387
0.199263914002216
0.17251653387871704
0.056597343751315726
0.08993329324334567
0.12956367173010483
0.08279063485213131
0.06393527401447732
0.05480317140094673
0.17571826637977922
0.13097386191139945
0.09781116351032734
0.23044274013307742
0.213771624308656
0.19987752826821814
0.15144341943967887
0.1006403963806248
0.20479731549128793
0.23021445789891193
0.0016987110369306724
0.13902813415655757
0.17119817536822968
0.16283438822156535
0.16967119730207308
0.17369327473024163
0.17168648918073362
0.14439449797780787
0.1308546231029268
0.210599315697554
0.18863818742066138
0.11287895998580282
0.15223363249259592
0.18319131522854715
0.14637171235025415
0.21059165097112717
0.14617934474827313
0.1903452068473493
0.1574699022675925
0.08641780114084283
0.24346184152743236
0.05570432469122824
0.1350386901973639
0.12815628162175702
0.17834642587136273
0.10883356223748783
0.19907559756182167
0.15634646372459493
0.18051586247408136
0.13956051365288907
0.06555182264291279
0.146079508404141
0.18998474713259422
0.1646318386570464
0.11454203776873143
0.11337314496700521
0.13128079893048225
0.14252941438825592
0.26109024533860403
0.08580721386703807
0.09513015214797779
0.17616758548521153
0.16979700588949065
0.1411642571117798
0.19241946347757705
0.18325639710295327
0.11174014424768361
0.14634854293687707
0.0854925027354729
0.18668459704751994
0.14090218931882856
0.22762926099148836
0.1294522098346964
0.06762072040417264
0.06733274175483081
0.1793173210545029
0.15084732473293408
0.16909325998097852
0.16139612918947735
0.1027219213335184
0.2314631669669768
0.09755864884165322
0.10387352215975007
0.15487972119048157
0.13519762223825713
0.1130263956281857
0.13731851834713968
0.15072603915883445
0.13415520294224878
0.13349810757146502
0.14171608942810718
0.19805692056084429
0.00699059021923118
0.16652479240246648
0.12225434203969433
0.030703217609947542
0.1696102718452331
0.15601016407014295
0.1673816163542145
0.19954864495979246
0.18782548593130693
0.18030665611087296
0.12196007171860454
0.059405789553922034
0.11118036477787979
0.17736772424351696
0.08592919700522378
0.19637952639981357
0.22772791245894933
0.12872842691667205
0.1406302670886062
0.33536132362877014
0.2435474838237716
0.16860407259606022
0.09578461456814183
0.1373107844097612
0.19264444499930541
0.22309014220238096
0.06170553220771682
0.2852008816238385
0.16412688234956085
0.12186004333614794
0.22073556800671887
0.18521491860348882
0.18404912025004003
0.15291109552408802
0.2603950549424373
0.07907448150978699
0.12386373879754617
0.07239974098881916
0.1726680122363535
0.1710237378335598
0.19317001840812534
0.17465681771893737
0.16618176374994173
0.16035840697432716
0.09216402710792745
0.08631385467843464
0.13974546922931833
0.1954713599099871
0.09809449465723469
0.2589122379862504
0.1889177432602409
0.16467463007336294
0.18872236559355715
0.20756069961438428
0.14442143216351197
0.13882441061109504
0.09061073372801623
0.21855840532284482
0.2002195670650616
0.2329503524339386
0.16335423263935953
0.13544691482401125
0.09019398217140204
0.12094380410107738
0.24856736120603135
0.16517439411177168
0.069849249608156
0.24004239160770693
0.07153383289931833
0.13446047384532453
0.1778170879601689
0.12276720505496144
0.12383215798884403
0.3352975782905534
0.1798275854609242
0.1454021274972826
0.24113562177546582
0.14387626879119236
0.1548610951328925
0.1293086311004538
0.15913879820759289
0.2326771736403044
0.10309627298295951
0.15555645598642673
0.08145604053924324
0.17218749002849562
0.03201276437183237
0.2937820382220435
0.19909037621779307
0.1872882230764462
0.18871461932803238
0.12225439653161535
0.13228976801382905
0.24000946594217992
0.12072029097693102
0.1163872155597245
0.19942665806773624
0.07986498727410649
0.07671765175527917
0.11111839411670599
0.07345724107691023
0.16987481902249532
0.09645034530383986
0.13837474863433946
0.17809129460837478
