0.09745393769845412
0.19091455447765554
0.08601378246991007
0.15999340787395608
0.12885713474538887
0.11569552165585262
0.17065424326260054
0.1227920761773784
0.10888332921956034
0.08101886079603132
0.11416731721717127
0.0884387021990124
0.16294862529100695
0.11553814995856326
0.06703465350547666
0.1484220010157063
0.1306552620550222
0.06566969162569458
0.1515329307449787
0.1654275369449284
0.21804177723271176
0.15206815473255927
0.1767858215950267
0.20653211978094746
0.23960528702282485
0.21676236639200214
0.1226034597990408
0.12046576278151827
0.17021606458651262
0.08866002230942654
0.10844980520129244
0.0810956614398411
0.12564564054754374
0.1319515336180559
0.06824456215491742
0.13255804412735234
0.23721361709738434
0.24851895181753497
0.1234314920561968
0.13851915274160126
0.161217799606651
0.11852440283074867
0.09764135384944489
0.2237776184274365
0.09657560785208547
0.13932805127687845
0.11326239935372093
0.11390924136321873
0.13885486133840003
0.2354189081452851
0.06440543770500767
0.2353240911670933
0.11150472650664972
0.12666719507868257
0.10260944359467006
0.18080298987099513
0.2888447376547969
0.1657575407529285
0.3082289411154132
0.1973092118871707
0.14135389294134057
0.15649636783563353
0.19786091105218828
0.1446574511642605
0.1323941122028976
0.12791805709661905
-0.01890952513997346
0.09557814946972615
0.2024725381958392
0.10915400308414658
0.15927243927808793
0.2709724171316559
0.18764415924863906
0.060680039393873286
0.16537282392837865
0.09563985731618324
0.0665681766799803
0.17138229096041746
0.17208211547582647
0.192011351349144
0.09340813344464965
0.18146116920806682
0.15483209377385604
0.0834010037483715
0.11645534489887205
0.17180406926977584
0.12217630890842918
0.16727723043316572
0.15820782062251032
0.18665141124619017
0.1296896817019078
0.18009150562851456
0.1504452183321689
0.1350388427899618
0.19833980230812848
0.03600819884978845
0.06615362116261186
0.18424181084714822
0.1616700045127875
0.07060204539688147
0.22805126650064433
0.10492589209798914
0.2021266734846301
0.17397850533084688
0.0021745880645875626
0.10316992178876111
0.26046786480150597
0.1358570669848006
0.22515570972979743
0.1639928655238873
0.11631478597895945
0.11681444940760749
0.08446718327936908
0.12759847724493628
0.17155961168838424
0.16068420608277856
0.1326176046005509
0.10021613419085768
0.1364173194493738
0.11470417481397416
0.2490822131816517
0.14019996100039017
0.12839261854230316
0.1635651981865704
0.13383248150603372
0.1532508718865293
0.1326386837070836
0.22685090346207443
0.16886671014066273
0.10010124699297487
0.25213941737553
0.11006264514803549
0.1617697249805023
0.13200602508965134
0.14174645591320395
-0.006032588730470717
0.1638332797931838
0.2235178460330795
0.15677146019974625
0.09589372964581683
0.12918800542075648
0.11116612859010742
0.2427538462167465
0.22393130039960468
0.12604152759444415
0.11800935879118174
0.16995515675740253
0.12853217801468814
0.15398069551602034
0.11819758396733854
0.14556747754059657
0.12909343898189723
0.15266363397032828
0.17297185110779018
0.14487476554825512
0.22329372177829124
0.22368180956334563
0.13749385395231745
0.12498980663102603
0.14157700941828938
0.25838350997528425
0.13843824077032219
0.11491849720500283
0.2237960506281762
0.09195917829142972
0.15441535987454152
0.22139131083012548
0.1392206420207297
0.13692593176736995
0.15803998969004404
0.15653251849168165
0.21494876051137268
0.08710299009163841
0.09006819582420816
0.1852222126781899
0.13581338758097
0.14735933538627372
0.09775883105884325
0.1151721553583267
0.17471217052163995
0.17524817453136016
0.14569184224923953
0.08446928589423486
0.11388899729517415
0.14374328020475652
0.18799795544258507
0.16276689816253392
0.22742362230484325
0.20274828388109745
0.08309912457558011
0.11114704277420778
0.15783472992376676
0.1591115312626094
0.18329107621114732
0.26044651076615
0.18960447607456443
0.23064159559702715
0.0304956397809526
0.09432617660113757
0.10807021262002187
0.24831236777802937
0.18137412863283947
0.1568011822619943
0.1786135087793242
0.1682254650131355
0.19189644863284888
0.10351156910852027
0.17263710067855537
0.19209750330779427
0.163970822902257
0.0768280454699804
0.09945466014886922
0.03422161586746919
0.08698678698890888
0.17458275120340822
0.24864228083180465
0.08513842851995104
0.13079204314881915
0.11420621986400709
0.19661188739276836
0.1631338369491176
0.11980234042989735
0.12339806709553641
0.12594162041417795
0.19872430852650924
0.11684837140515086
0.24608998647403646
0.1739123783089664
0.18471274948379962
0.16178838045094657
0.055363648776858454
0.1889046245114821
0.14682830835425148
0.1688695649750268
0.17715411162209171
0.17010428142252315
0.11400532735143373
0.15218409284200865
0.1643057483944935
0.16781393636707093
0.14074414095868654
0.330024844015764
0.141371734110042
0.21912752475733438
0.18489059465457583
0.2202192873809235
0.10561635764409366
0.13746738482970094
0.22225098463674622
0.2006960190747452
0.3024075496057902
0.164195090965862
0.21459817871651837
0.18591559538608537
0.13777423757223034
0.09693888106881332
0.12241343770700476
0.2770825573905333
0.17984015035948592
0.17727855299588652
-0.03306815878967723
0.1764466959744006
0.1268750047369792
0.11903327733332603
0.2083070781008521
0.03290651965804875
0.11575458972667463
0.09303755062299873
0.20817781056000634
0.253417784972385
0.12047924491153078
0.13093587986362962
0.15737706469675078
0.16294149173848788
0.05800601844399639
0.17087828155394635
0.09999636164882539
0.15034692595084465
0.23314020320174553
0.15997592610371805
0.14706708882478323
0.2406344371702048
0.07385201084642543
0.1417510111534771
0.15064580877669403
0.15176077891720696
0.08512143625894658
0.08902466340784648
0.10688245407281866
0.22155987571726254
0.2535505948494835
0.17390516489320018
0.13467216494294135
0.1957500818076902
0.10577498698163673
0.14085509023383863
0.149256650332734
0.1538250928960861
0.07714948654644188
0.10099117731275681
0.07808901167956847
0.12381907730144903
0.09334501500271647
0.09974289333197556
0.22883547200974427
0.16486999634530786
0.1110027738013753
0.16227269621256718
0.19490178778051803
0.10466512728244265
0.11962257307268093
0.07483123978258799
0.3211218950719898
0.24000618834325238
0.2092404464103367
0.2914580264733507
0.12248723338717354
0.15005838434385968
0.16529459319210077
0.10440254021148865
0.2270610989424321
0.22330204602270864
0.14051519465525533
0.16658097602063054
0.1169670815151091
0.315064188703204
0.22732064545074593
0.14985269176815236
0.2449636016145253
0.105542727199264
0.19039603920061796
0.1316871548922373
0.1651888136920877
0.11037777782029162
0.183433351695495
0.08278286929048678
0.13531883319305335
0.16795369358712237
0.16543560614802721
0.1391150885824199
0.15592135559393008
0.09785368519391596
0.2284207620947829
0.15323662665219434
0.14365338283854973
0.11285224681657707
0.10938155134406707
0.11833452447389972
0.12436964516342403
0.16538067714032417
0.09946781182781023
0.11088183639159771
0.12220240073953453
0.17881372142702723
0.14705769991703704
0.1355457028125676
0.19413142745361694
0.11639513150859743
0.08312325615544866
0.14497195592651485
0.11592822305564199
0.15741612295844185
0.20528841748711762
0.15718813826595107
0.10689882119237745
0.17198193234374015
0.1499136157846531
0.1330095456063119
0.13389685632311854
0.12138596402168368
0.14330630894377472
0.1483007607260109
0.07922239771820333
0.16350682772456115
0.1324833062986946
0.08631526049691912
0.20046088616018093
0.06975764253342512
0.1619839208180242
0.10179761631575468
0.168614849334463
0.14420378690166552
0.20612083508900209
0.2573722640939036
0.11855683732184358
0.1340793683714268
0.2256330952339738
0.09216802776517824
0.21209117157137902
0.09854229797913744
0.11662925438175792
0.11187147823533719
0.202573840087599
0.1511475890099266
0.14232016355644295
0.17893562411866176
0.06397076854867617
0.22407973967587802
0.27500350870474805
0.18326570457854768
0.10979096712237907
0.17429426760310368
0.17355180550598698
0.12203100584646515
0.1572828461861937
0.08087900320526403
0.16375598881873082
0.14176153610943393
0.16986680941904891
0.13480739610753117
0.1597918950983917
0.14242934356384868
0.09101681346530605
0.16833403084110554
0.1092083408971517
0.13867167764879557
0.1264587890417887
0.0977906055685544
0.148620131987728
0.1336168642296481
0.19701297114732752
0.18123647334786708
0.2065204467244641
0.11136982351690933
0.1816297705723836
0.11383436458294766
0.18224118491186164
0.26312764817382106
0.3783941013031509
0.008306481171167501
0.12663654985627704
0.17192083608133607
0.10982316053660351
0.13898799980167859
0.2519217921658585
0.13584007361312128
0.12330797452222908
0.22685160589851133
0.09772584181781846
0.1590578454763121
0.11668445193235039
0.15671827578292913
0.12203184407501216
0.14614147888750534
0.12615747544711314
0.15318495529896348
0.15915528781670535
0.16833694178167644
0.15137567687756331
0.14478687947998953
0.12456550055260102
0.1860087241224125
0.2194803691463089
0.08008003094971333
0.17897294407326575
0.1141439912051358
0.1666922805477486
0.19357750111346403
0.1641851369539097
0.23958576165004952
0.16395984093996296
0.18374709685334772
0.17578413085528966
0.22381538303051973
0.12443689365848515
0.1284163226466161
0.09464681918970458
0.14514624136633947
0.0968338970134483
0.21236471991133482
0.1667254077128454
0.20426728211439177
0.08014390133060534
0.1641035822987126
0.18012075120256493
0.12973507291760908
0.09828663308450958
0.15093618231905256
0.29992595850956183
0.08933834113273803
0.2452274662959877
0.15457474205427107
0.2834740265834668
0.16852564829656402
0.1903013179165301
0.12979835602705758
0.1533205968988018
0.08650276339127266
-0.11041895676637642
0.125713448260135
0.3097194276853851
0.2810296235461158
0.22946928772455966
0.08845723356854512
0.05847092388559855
0.2018116852360088
0.06111607418887682
0.14013422676073412
0.07659725065768574
0.152809105171885
0.22849638115768392
0.18669938626282373
0.11565811530873477
0.18445657633409823
0.10802485949129065
0.129258126066164
0.1571604847554654
0.15388531215217238
0.24565270363703567
0.18475116211853676
0.2612913595688008
0.2408693530097425
0.2697523854187744
0.13937630709301058
0.08916899391827532
0.19041569232822458
0.10224929200335064
0.1677600635291681
0.17554059037957997
0.15798566238862843
0.1697616359115836
0.21122577955399652
0.2503313239194604
0.151247984236957
0.15337248580899926
0.08812140184134493
0.14475302622882774
0.20197141173873295
0.13677490902282197
0.12695579090649917
0.09097019357839498
0.13114491904212427
0.09876643149096376
0.0013473595075597644
0.19300791583733778
0.0919011702026396
0.13985841968685803
0.21566075297938467
0.09397983864235832
0.19355743873594689
0.20970717169763808
0.19021976050105438
0.20377080113474244
0.11470204822029612
0.19310476095653661
0.125199933590749
0.21850569218552635
0.14654592788475923
0.09926548418229836
0.10217148589244479
0.19205154305232952
0.143617366141016
0.23786292840503734
0.09555327437146949
0.17648449069972744
0.24034776519716938
0.12500592854130343
0.14839249662189652
0.12508505036178602
0.10140755234301149
0.10944475178198249
0.11746722271308468
0.2726312817008523
0.15790088949736558
0.13736832258012066
0.23033143107417184
0.09419803686615114
0.22051798078860935
0.14320062126790484
0.09861834953483922
0.10615111843666386
0.13155983417359113
0.1637127360380386
0.18062665341221307
0.24032591842555356
0.33780229635602177
0.17498816237116757
0.21563140799376057
0.162511324904972
0.10476732738184807
0.12419944487441908
0.24767731545208288
0.25131850526962596
0.16104082309728596
0.18508557174313273
0.12683097256910453
0.12657602909868498
0.21736692249533002
0.19760783591558073
0.13276225467167257
0.0766183709018235
0.08134477103285792
0.13334462028651434
0.0981042609276791
0.20037028273744184
0.11793205033540484
0.09394344221271111
0.10012004359072907
0.14716669024853013
0.09835464908509056
-0.007193183461542685
0.11652474557643866
0.16804059741503014
0.051338379700020476
0.15805207601171017
0.30957813550211344
0.2227051954920106
0.13681675261232323
0.14780602718310593
0.16481006468039378
0.16124611486772572
0.16268030287597254
0.24874791203469285
0.10576934746482125
0.1764611813958184
0.22747369879900273
0.10661650381354254
0.08532762799646482
0.21507468353784015
0.15657454427472794
0.22760027735567157
-0.29143143094175866
0.12869590534598535
0.20683546532008062
0.1551941657043319
0.25799710388112973
0.10177244676436664
0.131448163264812
0.21705431310377293
0.2186784322515452
0.1152674727543494
0.17274011349936008
0.10709898085753983
0.2021532169060976
0.17107268970967726
0.2536464752307053
0.13058345995391274
0.16667333342931318
0.15478757131001353
0.08445534250430661
0.22167398666266402
0.14159513904942855
0.15432335710534278
0.14256669488329773
0.11504043116407411
0.16951941972900914
0.21200493569641765
0.1255887536860908
0.23560225957060799
0.16504047834645957
0.1698732799212173
0.26663008366166374
0.21704642779759492
0.24481269600879185
0.15936165247087625
0.24706002664592003
0.09157409901493208
0.10708556109984771
0.14767395500681885
0.15666428962686874
0.1636327187515363
0.14745527304949607
0.12738591075704153
0.09731891983010282
0.22641313835457055
0.0971344714060331
0.19452712387600735
0.15202795657855223
0.17087856656139944
0.15347540631284914
0.11375973578364462
0.0699577246123893
0.1735231788494217
0.17561282204661083
0.27378237481139023
0.06476603921838164
0.1852518956810319
0.11899353468396207
0.19341710724136701
0.2520283921063692
0.1469457958427159
0.12933221231957143
0.17775499917461773
0.21651544529861938
0.08425799009779766
0.16189552023726023
0.20942601193907717
0.288621053088246
0.12005911033119374
0.09492342728190062
0.13020028451733984
0.14638277946777867
0.11639160596521991
0.1747941536838309
0.21240996295623965
0.10362329890146565
0.06041141199840089
0.13094035686518318
0.13798252927798738
0.19067532750419203
0.20694218976572515
0.10628813598421519
0.18503544125733917
0.18061644886018824
0.2057220221764143
0.2414043713520854
0.15689142648457727
0.21701776169548498
0.24491405595006163
0.23670934206367433
0.10051508312077384
0.11072459743241297
0.17713328582587562
0.2382989444342713
0.16728369753404154
0.17476400514327567
0.16253483921099915
0.08124251805626043
0.13839911688366066
0.12374978009631615
0.16010305006492587
0.13383129760194912
0.12445933318720098
0.1261949398526986
0.12011977159644643
0.1484473863904679
0.07442309081533677
0.16753602726893407
0.2604607749395846
0.1121631464786576
0.29038050792771264
0.12158117410172586
0.19931014678750986
0.1309894586385449
0.07091536461541587
0.03591561914903463
0.18493245950434506
0.14222468781283776
0.08176711160992106
0.2184831329564703
0.17287378513589663
0.11976398794906568
0.21258727787511825
0.16407016122550105
0.18671861194931355
0.1380286775352902
0.13068729940463425
0.14798803873625432
0.2305946348255663
0.09101897504566128
0.16121959878123793
0.10015970671250912
0.12095728223814717
0.09200145885994915
0.1586527793679406
0.10962510254104363
0.07797323599969935
0.13424798997069481
0.17436720205355866
0.09520978701428262
0.18240867486618545
0.10663479077654064
0.11397643607005281
0.16674878633966272
0.1279005958932664
0.09963286777748581
0.08000505148784237
0.1464452037487844
0.2195527388573305
0.11395793695891193
0.08966773356657326
0.07362420091025362
0.09969588319951556
0.26024304112150914
0.222371619336368
0.20725816944054606
0.25896228657624165
0.03843196113264094
0.14548528591449122
0.16035022321058506
0.09918640755583735
0.12758067111144838
0.0997590985359843
0.13835392049628373
0.2022892836042457
0.12484146625504061
0.14025892887307406
0.14669998290150027
0.15110296124799988
0.17464775719030845
0.1239314626329085
0.2688850264061012
0.2544555670556908
0.09701573973107619
0.10186585841136597
0.1127836618305531
0.16221764567440938
0.1564818238514405
0.12091048261558696
0.16969276250804727
0.10227234889748765
0.1847807639979444
0.12665401473218013
0.2285358304298274
0.1206362162046481
0.14751257872619963
0.15188640125535874
0.09677032235530986
0.15960642998878263
0.15422964011835155
0.09749022252468031
0.1561207759241559
0.10820636324737015
0.15325681583521483
0.09876221896184517
0.12464065095730797
0.14310736470280713
0.2045346794746636
0.04094363310597665
0.18193884358301868
0.18342589051658187
0.1609015784716628
0.20015333994959295
0.1493427066066882
0.12195036895364941
0.11635429363307598
0.1301484329010783
0.14711950502283505
0.18148162824895198
0.17673812134853117
0.1462560523276359
0.11799214987367085
0.15719918981636516
0.1748066355871966
0.1142298497103566
0.18363668900074276
0.14777311781608093
0.04350658232211829
0.13310429743651142
0.20944457330667168
0.20905805692997181
0.1594752026804353
0.15931288491905887
0.19530072606428023
0.09779071586198046
0.15875996382062535
0.08513871644689391
0.15224781025382988
0.22904404081835522
0.16368251558484165
0.14273164611826866
0.18887814483550763
0.18867882581319734
0.2754891027310693
0.12825159732753455
0.12901807437328022
0.1479637285274678
0.14611711558285073
0.08453279038245112
0.0800026515649756
0.20832564338925336
0.19135810196568442
0.10953357187595564
0.200731307422564
0.11064967524647973
0.2503214050403401
0.16290575871961616
0.14338886316868615
0.12412240943290903
0.14877764191035076
0.13828155262881564
0.1766586546473516
0.2931722305237787
0.07994661824362453
0.21780340525051956
0.1271838247611796
0.09974583268477039
0.11237466098565335
0.2037838470243867
0.1738917907146837
0.1787939628737194
0.14031387682297042
0.14633402861648726
0.18555817906802002
0.10816945882690426
0.1188029556481543
0.15675582062472776
0.18147876540149915
0.09538284798414487
0.16670967382140306
0.19104157697916996
0.1254710985803245
0.13693085564720162
0.12106133119657064
0.23493402176163086
0.21335868483386833
0.13449882212651657
0.11667973278590027
0.14306010287053106
0.18760248237347288
0.102617797379566
0.16340023341453788
0.2093782952138934
0.18435089776074481
0.1021578960026564
0.11656190375427833
0.10059107428811126
0.13681661814542892
0.1873839107711382
0.0790377225574887
0.18899029583787652
0.2309070006089901
0.1462310295065385
0.10734951344176275
0.16064950402228212
0.24414258957370266
0.17797443900843357
0.17728951830852097
0.19050281355509477
0.1869044792794184
0.14853345728569495
0.15260825830180186
0.30010023378011946
0.17756538943669575
0.10002743155831323
0.07705533167904349
0.1505329839955179
0.14072081843219203
0.223751243557379
0.24368519563209612
0.09237991078493696
0.13705571817851175
0.15790681235036413
0.1643475703372133
0.10218705142517764
0.08870015518616658
0.13320743938640184
0.10453871201736636
0.13754625159889755
0.2003223579619956
0.10511734017188723
0.1546492587082146
0.21272046633138442
0.18489008282886946
0.2747969645527998
0.16501865574500935
0.11287440356253803
0.16478118457478497
0.22090617221012848
0.19639010741361762
0.11110466297292715
0.09135084544524158
0.24790181639916453
0.13304032530435073
0.14815984044489078
0.17377380698620232
0.10392901107098018
0.09170367396504947
0.1492294507580963
0.24285794008727038
0.2604664943396024
0.09294978010882066
0.37295379663480094
0.10148807533822618
0.1557451604597572
0.15747102601047536
0.10308373764363554
0.11746763219133421
0.10851062490532731
0.26801665637006905
0.12762414941999017
-0.0056582732965062
0.2906087887442112
0.19443534053860295
0.09792595066805915
0.14312661105236074
0.1678513042445745
0.19120730069496966
0.0996047089061236
0.14356619753659217
0.1629685378393469
0.10414952213630335
0.15923869301247498
0.1351570321003245
0.24096709853633153
0.13652272730843762
0.1441608183542945
0.14477123770939643
0.16538585600637573
0.07935008869525623
0.1365120113148683
0.2192867852169409
0.16503682946977416
0.1816696760509371
0.1793577561290134
0.10418461256012707
0.12704140155060112
0.0822570190109308
0.206033211039509
0.14598196086762608
