0.02749565903909071
0.14782536509283845
0.22320222649330587
0.16940183713819437
0.11770686085618526
0.11367877149893525
0.13055974755621425
0.17033112444866383
0.0750638981264079
0.1856151084244687
0.19356818631015213
0.0861344554676228
0.2142810728351712
0.19706627026103357
0.044551666322438316
0.08538840374919801
0.10448299476731782
0.12095919604058859
0.16240886692386441
0.2782937015936523
0.11715995259063788
0.07764593372881451
0.1341736189783438
0.2115144923128008
0.343817842756886
0.23680117955591945
0.1634386821998745
0.1275541335964961
0.1953177738536559
0.13271007360191067
0.09011435282978593
0.09498928699182697
0.09273806323302744
0.0024505554215409897
0.28490075663605396
0.13157127743821911
0.25875639083127594
0.38226055534734293
0.1015546935944879
-0.1119756214739499
0.1472120396487429
0.1300245135163149
0.18811167582321614
0.23211867431210603
0.16029408391769806
0.1085767612560358
0.04974791258006733
0.13982443627579638
0.2195188745354283
0.15815988108369639
0.07108302881760628
0.23308779074259336
0.10465872076708413
0.17923407950322523
0.1737850403273132
0.15308747957255237
0.4291331291466748
0.1677994824100931
0.3003149365222818
0.1697820317196995
0.15585196820873812
0.21020558194096436
0.24476288514477135
0.23131657307497175
0.17363560238139866
0.26167461381134854
0.37544486783666725
0.06130278333829575
0.23517137644120573
-0.07718679606380724
0.20083022948530987
-0.06139764705221945
0.17775892107019514
0.1297057036750396
0.19196694915189133
0.07279109752019686
0.050254057925722406
0.29842823859309714
0.2527923513024868
0.1964204057339661
0.09225465714096774
0.17169341727232984
0.12141915183855387
0.22257763460079813
0.08987995362111731
-0.03334065220929919
0.16125530757842127
0.121285970339889
0.14792519596443104
0.2606016872483605
0.11730104006565772
0.20511116225437492
0.1594601099991523
0.12680616994602192
0.10505535687038126
0.1079632449929351
-0.09407540820760057
0.24035863251428374
0.11873861214430122
0.03152095673178085
0.22285824230468093
0.15201748490470185
0.274969902472214
0.18075279468578964
0.24065032245913487
0.07101588797204628
0.22063897150459466
0.24219340435547704
0.08997672161982029
0.1876846660661051
0.0467446642295285
0.10039267816555661
0.004021423105974142
0.16772252406502125
0.17883642634061023
0.12171638071311025
0.11929832905547184
0.1496590974251806
0.16572029973727156
0.1284984970458501
0.304665008146758
0.12022256207201777
0.11893826025431431
0.1854800518553638
0.17178936340645937
0.22806539919572716
0.10795446173026768
0.18060744757027578
0.1371014524530187
0.2057254039550474
0.06931814732354519
0.13328122035570855
0.14547089665023968
0.20471330641333058
0.16758052650845418
0.06964589497964324
0.1836428197517781
0.28897342551794886
0.23813819192771263
0.16587548606121852
0.1237930057211832
0.12443684052219073
0.30644519607087123
0.3154802719580886
0.24861862524842032
0.09784951958910237
0.16799652491607786
0.14455351574985775
0.14220331570397504
0.03511808090712343
0.22116344019924744
0.08325734845956648
0.0709277693109282
0.10254207642767232
0.13438884532724474
0.1877632545631287
0.23306028422233965
0.12934130532866595
0.18249651282932924
0.17246356545805444
0.2351887654858555
0.07806600812306688
0.03934931396151864
0.19423676337127843
0.0379222717911506
0.05913525676435619
0.2315524343841408
0.14997611863892574
0.10017190284976721
0.162870052387391
0.07395481948906538
0.1788903425204601
0.16677724610992053
0.11530181581128479
0.14490935791741666
0.08182229813651154
0.1777205876429467
0.06230442688044491
0.1179318830221294
0.14555122557007252
0.12050913784118585
0.13242854116333974
0.08101781891098686
0.003109449993355551
0.27996820532397454
0.1687979915328219
0.14258077043850426
0.08398129226946652
0.14283769666322896
0.08664293904428856
0.11702145558369381
0.09262640838692911
0.11344096982465854
0.20157181778987682
0.2210663708154179
0.26938364757829386
0.24134079295092783
0.06920040084527035
0.11950911742450246
0.1478643462238387
0.2583571415365703
0.12728497752143933
0.19382774342664233
0.13456240787204699
0.13130891052193872
0.1664346999250501
0.1246613823190989
0.16176160354991487
0.15477912207795871
0.1047397109257669
0.1909152481480269
0.1573117722450047
0.02288849566973955
0.09626873085570077
0.20533224865383592
0.23975988442472568
0.1941455700246897
0.1261087434088034
0.11186009762484478
0.11516392179196185
0.10183027109778557
0.14592156747822696
0.10694671706606307
0.16406744299234166
0.25832604650725033
0.11754630636307106
0.21464153918038176
0.13804538513981687
0.1003828091024587
0.23249972373111732
0.100962616422485
0.2629596049041156
0.09666180312329209
0.18097856207098392
0.11307143410949402
0.16657495327292146
0.03989111809640161
0.13940989056906022
0.3181902926630009
0.22220030196090734
0.19520802272945284
0.3334075443700963
0.21195687203927285
0.3405714712054634
0.16410656138970275
0.07260949290062901
0.01870511738857522
0.011205643268263177
0.2249954797281632
0.34138435304424725
0.3306794971486259
0.11972817146365292
0.2218430753530783
0.14272301700004383
0.01391358966296441
0.1352151079847171
0.05122532992221818
0.20500872098407305
0.18140351664883037
0.19677390836326625
-0.0898151209101421
0.21153192902061965
0.21002940936792225
0.10346088168614315
0.20654041948517776
0.0754613687444704
0.18599829028451365
0.12063558539780386
0.10260619805219584
0.24212253471300096
0.04924033018982055
0.14216204360362916
0.14582597959091437
0.11760071757001658
0.1290383947908067
0.1478952638713025
0.11090747209902713
0.14160918836887393
0.28023571134308056
0.12612148450225502
0.14059147623731905
0.28976472751793175
0.2944464247722069
0.1623994134606838
0.16776547577606396
0.06255535429142656
0.15042697259081017
0.08961966861896492
0.13826640963792533
0.19965276305805535
-0.007842781908151908
0.2385792938589661
0.21057609398622623
0.36022889359374466
0.10382208261637534
0.1406261899568783
0.18864375221919877
0.2220892629821964
0.03530827500843409
0.0866439863403981
0.04278992311554322
0.26727760544041984
0.006035489125233606
0.10330926282360714
0.23852601030937876
0.23907083980980456
0.19681113285636753
0.12651885430053572
0.14744482022969288
0.05916558360303484
0.08422639270344376
0.11746251061076587
0.3280590975166894
0.04964219937422909
0.2413148534417574
0.17787991977713183
0.15659574569714685
0.20916256397177718
0.1336557755367083
0.06992431000017152
0.26082626291720895
0.2552930539862296
0.05912276579303058
0.17500475062929888
0.12250623199473804
0.2019705448431124
0.13389640067199537
0.2297002453451438
0.29708461141430065
0.1551764826045537
0.19296838161671406
0.08775735609546934
0.17970761310048647
0.07411586657926275
0.2543767895771524
0.1308300362214755
0.06539566940065292
0.2819769952700713
0.14336598717573446
0.13888340313107178
0.20002394737369644
0.16381226293579465
-0.02994341865460426
0.175881263258543
0.20141813015598048
0.14620357517388663
0.08659317737430769
0.06376648620978154
0.14809136149366303
0.07691117621344412
0.11934184518272632
0.03946776700445831
0.37952634534222984
0.15267502556943374
0.15777480409763933
0.10760649563532505
0.12822492140377564
0.21062502748348827
0.1945071136903117
0.21438024490449986
0.13716688841539804
0.146319998704606
0.23198363773733913
0.05720948781141749
0.11305753640962146
0.2946226445522293
0.14649544327652184
0.1266451442741261
0.20997072864504301
0.07851864642238748
0.1983159978716415
0.20255065543997258
0.041076233537766293
0.1372353168738078
0.1740645512968251
0.14849416216051192
0.14336971658821934
0.019569596438276576
0.11212230356032915
0.10259274589024583
0.3337854069747992
0.15038159432881582
0.15930767587195793
0.3353174241026478
0.18688899954820293
0.11952759181244485
0.2537192828015637
0.08648719491434656
0.1644675454128659
0.22593295333296842
0.17380425060505728
0.1355393117814609
0.23280788678116668
0.19816602870621453
0.04343799930825229
0.16549130899278963
0.054385797860115714
0.27515528789314647
0.3745080299373146
0.18717404071603613
0.12238372180749843
0.22837990366333613
0.20787838666987385
0.03137379986192132
0.15118099194876933
0.15912959278155472
0.09302584017924939
0.13700404270657118
0.21635315041916697
0.17555161578781625
0.16268056038558926
0.1261718842533107
0.15794517514270826
0.07095631842880196
0.022681371717495874
0.11920066951165743
0.09458862928991693
0.13490553530094634
0.14446873605404964
0.034560080134476756
0.1614363755768671
0.2615082795363472
-0.009297703723861545
0.07026612936401372
0.26498891245786543
0.11727737478350111
0.13442831169557404
0.24982318195968284
0.2753022280847353
0.30911241916826704
0.056728180887259394
0.060815526994433516
0.088604588695553
0.09563333769889977
0.13895386204140123
0.1083244337399428
0.12159037835936881
0.2628814857360604
0.15192644507167122
0.1658117290696845
0.11721032461003768
0.19830475141661635
0.09302759535745173
0.15931707954041452
0.1074021035810275
0.15433016615681175
0.005069548763263737
0.209078580605233
0.1844927016900677
0.10921810615520673
0.11414087178396101
0.13491351364043502
0.09314405114818282
0.08582428538300539
0.17862797595523466
0.1502695191838376
0.10895908480396763
0.22263390566345517
0.11091537699404885
0.2700703196181691
0.15747502323502022
-0.102428661752973
0.1848944243578016
0.24649152861187426
0.13155674446611537
0.13852665493512561
0.12974216419406379
0.13103560230660846
0.29044983387647394
0.2013974062364964
0.08287517769345684
0.20087269847217104
0.19490410483092246
0.16188990264574118
0.11948222402501746
0.12338008114224537
0.04115729004473895
0.08516166924143004
0.32199163809003617
0.1046492750390989
0.27588540367488357
0.20848516473151651
0.29288879977024845
0.22409575614415844
0.2647979937982409
0.18807913258106085
0.1397025187962247
0.1286894642704174
0.10675750092998579
0.08050377624298077
0.32087970366248886
0.1217612467170108
0.25897185206049067
0.14549935382852452
0.06543674102296188
0.15553024402493001
0.04831527683651424
0.25233997469932123
0.274440499323549
0.22559188251115245
0.22899592469655497
0.1822420467841537
0.12879131784764322
0.15589631700859663
0.10371838587514359
0.0917819074173638
0.06644742706265211
-0.08696124521889159
0.22939234217397772
0.18051747721837114
0.17284194278591375
0.2570584505968126
0.05425676717176428
0.21484011520778648
0.10913797800234043
0.19079597921762534
0.13450867865796817
0.22931825346401855
0.16580055206391373
0.4285923923630153
0.12227268226782939
0.1966805402602919
0.13849574533293305
0.16077228941513666
0.26602146163929347
0.16590431969534913
0.16215300110923087
0.1881537095713418
0.024481495220251115
0.14580212901114517
0.04248140510572179
0.11831015306242398
0.12036970871918916
0.21771686510603788
0.17703198945518972
0.059052550323444974
0.14101691760448481
0.18595660460997157
0.14883099829986177
0.20633165486199465
0.18316248499525234
0.2184300052227145
0.22227377408487387
0.03902007143751102
0.16546180951104345
0.056333595963899585
0.31653783444620137
0.1550548326670988
0.10771823662977455
0.08591484894645747
0.1876783932584081
0.17833491433727322
0.1349087069486848
0.10146123634325652
0.1717169883780995
-0.045121759514413384
0.12942682518937143
0.15216393737583264
0.1618027267876224
0.1948701440601982
0.04466956311029485
0.09343092884743287
0.13983161272892436
0.20475379303608304
0.1417242737801707
0.32909764477327497
-0.01499825236343258
0.21899974216007637
0.08736398263215069
0.1530867112175331
0.07428591585983024
0.22478546529240803
0.18200956624904552
0.1275850736342495
0.21608257724552266
0.33808772031657064
0.216897958645659
0.22777590689712154
0.12873145745450265
0.11812611069673312
0.10478945790805824
0.1410307566580995
0.46282765908897555
0.14539989437454282
0.23599884848263836
0.18987836849986314
0.12456415035553789
0.28340805088780663
0.2218691177149003
0.19336277263040985
0.057179885644452005
0.06398613914708565
0.13006359678777055
0.08749282969914923
0.15555188969218653
0.10352400833867695
0.11227731452701244
0.05126631344891894
0.14230581194749123
0.10438485460760413
0.18733279424784294
0.1462378995920003
0.2614379842030415
0.07653564480431968
0.17267516097669403
0.32863338270295483
0.2587022444190473
0.16652266150019293
0.12113661507793161
0.11842798861667592
0.13980151992941203
0.2899069389938982
0.3599346381399373
0.1103134440459765
0.18861099655055608
0.3205031207184835
0.09842331082613018
0.044024687750634506
0.20056610614869894
0.08017534543888416
0.23376088268197942
-0.15150316497899652
0.20937027804834185
0.18629313821590787
0.07674912862271435
0.2194265344431734
0.0882384095583837
0.1748868035273545
0.2651342321069802
0.219515145876231
0.17322477378165949
0.12153877504079069
0.0976547070565699
0.1667109975812342
0.24241272926513535
0.14773755283198825
0.008638252980536443
0.27905082007654547
0.23137935078931418
0.2010052307161635
0.19977838886729807
0.18985177944062478
0.13925810375004516
0.25591487579084393
0.12257464288900483
-0.0013408849779091014
0.18942868854538383
0.14548419812235383
0.22692166187819746
0.1671509098647265
0.19131468635233861
0.26838479292662354
0.11549461771805164
0.22240662249271181
0.13391744170062553
0.24136610104874218
-0.07190451415621774
0.04023022133451987
0.23698087527978584
0.2239076036045237
0.09850503381843856
0.04462599792904906
0.1967303750862863
0.09658953638628569
0.24136231983237377
0.09686452775352832
0.1146248049652164
0.15395342157348507
0.18251301604165177
0.1388761285433161
0.34658113259119594
0.12859994599209096
0.24731604497062848
0.1972879174704564
0.20899776791931912
-0.05714288555017977
0.271153843483673
0.17554146924791708
0.2301391524577604
0.24412074580400658
0.1987340670372645
0.1945193146589537
0.16352404329371523
0.08452027272145057
0.08613961584768064
0.23091162064143925
0.2753434732059724
0.29357213075159094
0.017326252301204992
0.04388320096149648
0.2014965149452901
0.19772373906110646
0.033993753634789486
0.11723904931631257
0.2822416023530073
0.18203950864717805
0.11261747149368465
0.09689361938577276
0.18316074219942252
0.10388293728682274
-0.10621326991565322
0.06590474460271867
0.23932555009322348
0.057920302757538844
0.30453990702956335
0.03295317960451544
0.1457147590402405
0.20983187335718304
0.2938678457706372
0.3018066882728088
0.09700368193976339
0.1416617099539033
0.15410740537308246
0.22436734155130916
0.2017522936122531
0.2085319240031627
0.12823842522029028
0.10968002092074183
0.176953745332897
0.1300219064643413
0.21705084115224602
0.10169805253159947
0.14348155381279304
0.15076819125917487
0.23425210528368032
0.13438658869868345
0.09390545550707641
0.1659909490963114
0.09588376724433292
0.10096096075679017
-0.11618559311810756
0.1759020859392834
0.1264608174564817
0.16549266145977798
0.03717194367083357
0.2366684193986467
0.18047496787865036
0.12376036580396926
0.009478811332976234
0.2053931381105016
0.31118335939366376
0.05977208204101256
0.20804912381299984
0.2121998519507476
0.07956828789305118
0.11262990731254356
0.13676681257076198
0.16035860019063153
0.08305912413382249
0.21918289901966514
0.0852741769582109
0.058021204033703644
0.0857979710350305
0.03652832135794981
0.10929636530695705
0.08318501516772966
0.07232036915906462
0.12317226708820278
0.12124091379010477
0.159995390706073
0.2050546503051684
0.1348881936359863
0.11661152688215101
0.1264565464707538
0.0634382583371717
0.053296815799588754
0.1042433610542246
0.19305315619035257
0.15823087995746488
0.1325861425262499
0.2216988232714436
0.16096813682573502
0.09593580881350211
-0.011506405285155258
0.2065962320750137
0.20498057176179468
0.10708513479362575
0.13066157928548747
0.1973632350802703
0.1186011457656691
0.14294681972930973
0.1245528788096046
0.034118620047775106
0.10180323448132206
0.16119756536506552
0.18593142019662273
0.1382414941647121
0.08785968173402353
0.09430110139413603
0.06592187909488259
0.1834659944139274
0.2058688916325203
0.2070538065542856
0.15821820599535263
0.07753904185392463
0.09429899774309307
0.15232670201675647
0.30044080083387603
0.06787592706896398
0.24511138798001283
0.23874987613443088
0.20145802581146785
0.31118147327138035
0.13943212787466175
0.1671040289155075
0.1393855692450115
0.18643033210432647
0.09196664926444034
0.12271150274387169
0.1522066698778171
0.14041640122710997
0.06891017241257896
0.16186521259736092
0.0984365869648306
0.13507309346662774
-0.1612104404134806
0.21191651785590032
0.17709980174747017
0.2579099662100871
0.10254050198032436
0.21883031128641028
0.14989060298142676
0.21063812252586117
0.03900423167668543
0.10905464594088907
0.15145536682332897
0.15997189488723024
0.17681989875805806
0.265663952306377
0.17987695922320074
0.15639236283502816
0.1308417674911489
0.19137737608136296
0.21884846493657856
0.11106311579522896
0.22558713350528697
0.24927271716654398
0.06939427561449568
0.0997628959769879
0.07837627995977386
0.18142185713073689
0.11890635005245109
0.07560172049568406
0.2206137829714947
0.08654529636807673
0.14159776736746582
0.10282673517691082
0.1070765527842818
0.24792749618650842
0.13075003984879885
0.10316885557418126
0.12464041055313552
0.09799178877722586
0.19982714687428602
0.08128830557633507
0.290878671899955
0.13325073222943212
0.11137253089609991
0.1349021809757409
0.08528029562120051
0.1480250470069402
0.20536661431443187
0.05589552748188312
0.1590614593703099
0.06808414450241543
0.22718369672587718
0.16139719800264718
0.19864321234255
0.21943790271648328
0.12217146701468919
0.13683941635344155
0.11296833700987509
0.17297703921712765
0.13748010772323455
0.2438872710088325
0.16295596899369238
0.09613501706058014
0.08736492212646256
0.13244616985427934
0.17393062443035862
0.25170259272956363
0.15964108384358003
0.10179460334250623
0.1779691779846756
0.02599121094439716
0.06620738989631572
0.20028424624297303
0.2119258431470657
0.07684721424891316
0.1847374836182565
0.13507488081264266
0.166393815236013
0.2395393733952239
0.1400464897198796
0.17954519265610092
0.21475654824832013
0.14603985264622965
0.13246639042029107
0.09763057246902349
0.25602578111350033
0.14286072981143652
0.1703530428453103
0.1959875635360914
0.16941343899073058
0.21757292026728764
0.13992122527827075
0.08641506367741014
0.3120937358372231
0.13800819901340966
-0.004882206405096262
0.17357201198549674
0.24708589103086576
0.14025317181942645
0.114695038831935
0.18594493195132325
0.2899721315580653
0.19226184940698948
0.14359270729351592
0.17803088229310138
0.15992111408916299
0.19923414319503774
0.11430828969460252
0.30994888987390384
0.12780873600895803
0.10918546458869
0.20020178601876384
0.20689633001398788
0.2247335022559738
0.1903629687448752
0.24476720364618104
0.029517119797134256
0.023014313604406006
0.1838537824628276
0.1441207364737687
0.1062876697396637
0.1517179937062656
-0.006498472076547718
0.07549730625075463
0.17086729297061992
0.07836169204787646
0.018075200289693366
0.1546386203902568
0.15278276170680682
0.11558260494232625
0.14906899822304637
0.20308703009689766
0.18366279143015202
0.10629088467532552
0.2631789805447941
0.1910612588665745
0.15545271027825633
-0.00303359118827512
0.34610842801680536
0.1529979679376119
0.16269642339878224
0.11261572697581801
0.16369564182532853
0.05299468153404002
0.14235678520662073
0.2826142146891035
0.23284812879669517
0.06887487060508196
0.23315937455585167
0.11044553374594598
0.06232694004192549
0.1933417628460393
-0.11123015692589572
0.15200635621480482
0.08216884399103622
0.09906086488741406
0.146198907211513
0.3211799035544499
-0.11317843487182921
0.08148316624445923
0.13202120331550118
0.1551074075529194
0.25746938496142807
0.15339705892862648
0.15632937649274126
0.06020569148048027
0.2032520107549466
0.15132097657865856
0.3654549315998188
0.17285446421016093
0.22536568428046838
0.21061282793268327
0.09710123558020206
0.1686599184253983
0.2233422443858019
0.07781483635904735
0.12125138414083966
0.2657407351337381
0.12443535916668926
0.06725683232134005
0.13852924671356814
0.12117933244925769
0.14820348057249377
0.05034268697605207
0.03645264898441905
0.23319096991546612
