0.09475749639824746
0.17772003096401753
0.10245070827508643
0.14674429773432512
0.08410515657708836
0.07952760577535198
0.17204768484668811
0.17221360149199366
0.16187455566804682
0.1479663001097737
0.13674250827005516
0.10919990432387995
0.16728252959372944
0.1629249293866745
0.22356017500719386
0.13767706751321326
0.08517829569482968
0.11146967485157669
0.11691976537442807
0.19356407660526798
0.1179437313141464
0.11903777114705662
0.16573744922577832
0.10718574860115215
0.13728041700441862
0.20737967928024545
0.1856972349616088
0.09025299708032039
0.17704317488661414
0.17940246892336895
0.09494726234256773
0.13909359210006741
0.09836125333959142
0.11234288597232263
0.19328420647835828
0.07907146174004662
0.2055498173222991
0.4170592398271483
0.1671676273108263
0.09536235323455397
0.17788709377696707
0.19748293327042762
0.1932510308131237
0.24849630317956675
0.1555697603044913
0.1216471841782443
0.14829994860208082
0.15205404970130518
0.15399221824373654
0.13124172714971458
0.10983656884524315
0.20401764406807177
0.14945081629517093
0.23991442883263958
0.1629248304380117
0.1596409210264351
0.2430666271776038
0.1596636484236522
0.2727764680570757
0.1543872752224439
0.1616070490461027
0.17339978250322913
0.17607216214685967
0.1982370537868178
0.13271233626947765
0.23491401536669945
0.14212533742837202
0.07271461293757611
0.24118532083520064
0.16270653247817496
0.11218982929556795
0.13459657185530288
0.24592368811464643
0.09954530323455832
0.18303841002081964
0.17751247606233755
0.16328035665341994
0.20270350198103482
0.26050030212388786
0.19493431182253476
0.19128456744028252
0.11133037342049598
0.14129501747862078
0.1995367835604209
0.07932071982164188
0.19974890676049828
0.17045682832259632
0.1488934414527057
0.19460689662831118
0.21628396608750936
0.07791691954217525
0.15324057812012676
0.23174176028886834
0.09643653294584023
0.16724453243291304
0.09172109698437467
0.18901187671728742
0.2734085573096012
0.15017979770935327
0.20073802308280558
0.20491938097346415
0.19242755637064599
0.14410782308811215
0.1241333488491328
0.1416468638547966
0.05669674257638077
0.17977938066028745
0.22859463586387532
0.2761839275857758
0.13885757482311567
0.16877091974094866
0.10411789539101476
0.0710379201957494
0.14791450735783962
0.11976024004925674
0.09761813825904628
0.12488644803668167
0.20722585746780894
0.12889457430512194
0.18157374323938488
0.16264847854186812
0.09314375142442602
0.08030813431640096
0.15515934986206334
0.1501205163327309
0.22421201728864476
0.15437977647384715
0.20803550618069974
0.15317071223952253
0.23354275138043842
0.19852319842368082
0.2171766056845194
0.13991991350339703
0.2338585066267413
0.18181680232173036
0.19581240980939515
0.2216117077347858
0.18845495858278025
0.2276251118556014
0.17125859782630656
0.18718116010704314
0.17823431666935888
0.15365958963499066
0.25037003983133277
0.1689124952671995
0.14669577922791208
0.1256825128588994
0.14706078752624613
0.17167749610098754
0.15291441389012403
0.2320934966310668
0.09994061048224342
0.13773590399208377
0.10556700310529404
0.06310132947091149
0.15721444999437365
0.222007724522853
0.11342720442122975
0.2170649862757459
0.14896119326708168
0.16956230071567643
0.07997899811418066
0.06451207821140684
0.1643027676807107
0.08430177187415164
0.12972582314114908
0.22916494552031572
0.15174454162023507
0.12399771146356961
0.1253176689784751
0.14748167611604537
0.15281352571756354
0.10125385514837579
0.1092033825634606
0.15092679167655135
0.08840856207109402
0.17959746875072244
0.09326171754899534
0.09052144144060023
0.16716702543134337
0.11146369330011616
0.08955050590223088
0.1426556956068916
0.1446039657651139
0.1351038311883474
0.235316447492253
0.18552359292370948
0.26655614496262037
0.17392878847175322
0.15358654985826978
0.07403333679509769
0.06725648830892131
0.14729951397496602
0.17763843448838207
0.14450653852138992
0.2491454198092207
0.21531218643157557
0.16873931720471744
0.07835962630542329
0.15529178321634443
0.1665098320016918
0.0776616109599467
0.2500590986393314
0.22005330738944204
0.15125769166912445
0.14158887460268907
0.1739132728341239
0.15225085471020783
0.18049655982397103
0.19911474306551147
0.18665530273136793
0.1165348967459193
0.14602445421731364
0.09639553467614062
0.1754664824815074
0.22047016768619646
0.19710506911797893
0.15869876046980816
0.10577119439541147
0.09506023001280589
0.15038834977804802
0.11166348630157788
0.07168325596629105
0.1436106275589775
0.18766500687899892
0.22360280485970666
0.14923141448674243
0.1078751583778372
0.10800723277246069
0.22431383300651278
0.11664981421447519
0.24826619505516723
0.0645812059068516
0.11504539708867867
0.11641115713598368
0.14525464180647693
0.06829154834073947
0.15523783811275352
0.2428409895562368
0.17227578179521727
0.19548701203375
0.3063118089228557
0.21480455110551017
0.2236717519276755
0.1306237704700156
0.09841355248674408
0.06858122764491223
0.08371427825197678
0.20074486809445238
0.1747503975361098
0.34756151768016863
0.14751665672216574
0.21974995364898015
0.18695677436326208
0.11157386770670594
0.11098694492504209
0.07573724712689234
0.33907840054120353
0.12224814825404826
0.15792093202643007
0.1364324191341396
0.17786052373687897
0.12724945686566771
0.18818124171808018
0.18298282083292108
0.08330248111533686
0.16272696479832713
0.1285962331173923
0.1699244187217641
0.1695512049742112
0.07353535395695818
0.17190332059750765
0.16284341864290128
0.08369120259066473
0.15408540167178572
0.18687569188363348
0.14655658218734427
0.13003283153471656
0.24762436878665067
0.10905928192808349
0.16750152791608824
0.21482809744397724
0.1948801914873645
0.15806197293379487
0.1570005701436936
0.09194973042905574
0.18046243027879924
0.0914978431910172
0.12752099669365777
0.14406594673958295
0.21807669635964755
0.19212588836465141
0.15085710757269954
-0.0070360162408320825
0.07656274864023846
0.162456816897111
0.14114089856231216
0.15873850122261773
0.0078088956216008365
0.20398447331517197
0.07336586004985107
0.23548546757036534
0.07783974607252772
0.17907818775628123
0.21272389594677196
0.24793645779452653
0.11861440042616275
0.12024512394876638
0.1456562728465967
0.056199169081585926
0.13145732797078263
0.1622813382753949
0.29871371146495995
0.15898570131939163
0.23577749543179366
0.09074101617264815
0.1834022508727162
0.23435006890567317
0.09285497788332003
0.09132169441957455
0.23037484086667415
0.15290113225267002
0.2000359009479827
0.23032537320343976
0.11608652997426075
0.09395929718946869
0.15308111535391278
0.22692337470235321
0.1759917863096486
0.13719194082095795
0.2415292031073411
0.07882116402976166
0.15821355690590275
0.24396775264265408
0.19941993640075284
0.08084557238378218
0.15565549495814376
0.26299346552698033
0.15997128344909736
0.10495033750250635
0.23584623570351845
0.12976520844981884
0.11485071964248325
0.1814553741383453
0.20041453597054779
0.1702151658306632
0.14762079340815076
0.0704136072189386
0.16363144177677422
0.16174551828428763
0.08996459000605725
0.250120165112514
0.25773529695620057
0.17712173456747457
0.11179981492026134
0.1280701948229991
0.17804827046196806
0.23283546295782834
0.2154730112680282
0.15841259112822728
0.11720557244299974
0.15600541075313576
0.19908922644163338
0.09808340702285204
0.25455433307110165
0.18867508818707254
0.2184714149331189
0.0795066744286955
0.19104329088975655
0.06941344386283113
0.23133553232407683
0.15726935830771197
0.08588152234292565
0.1659737891264835
0.16411947518064193
0.16104563931152774
0.17816676993519784
0.07687901404998218
0.09464571038167366
0.15905833517613535
0.21504005200390422
0.1458860973530152
0.16811723868210568
0.33036515795417315
0.20320395660178597
0.15909295044477814
0.13610543038438702
0.06351212924491131
0.16840639201294702
0.17163058330531578
0.16750684412344963
0.08779082210240258
0.13950835346282756
0.17805162212804732
0.06762299510322312
0.15135664382292155
0.11835445248383689
0.14790394315903477
0.24765804900936356
0.08550640924845981
0.1631434817719973
0.12707619727362976
0.23145072064497255
0.0723913655840698
0.1612372323545202
0.1503540228278268
0.09265327634789253
0.1012564140619425
0.18462929910453713
0.21761008853137975
0.17588062573055413
0.12331846465625881
0.12680871604979221
0.1195638826262361
0.08807244879433493
0.12456657799534329
0.10210675007422951
0.10317190498877979
0.12549711779061887
0.10272417550069848
0.14277163191510137
0.20112130858682584
0.17830798247631194
0.12079463379268793
0.2087138891679511
0.1108436401419007
0.1643960487089898
0.14117108368200693
0.19478338632678383
0.16622299175812366
0.1766916110700229
0.12405091028198388
0.269917958480296
0.09831888504463601
0.1646418411238602
0.10768481076047262
0.18141315629416024
0.16334866615086202
0.11482031378304167
0.1599421715631147
0.14190832868435652
0.18474409296823988
0.1348260939089573
0.1496796289298928
0.11379849367643233
0.14138235065942956
0.14194984028961327
0.158977685153668
0.1758692051274122
0.13227988487370076
0.08352676943201745
0.16883434431749142
0.06150249366379243
0.09102528852907063
0.1895518973723946
0.14895473396823736
0.12072505742043818
0.21759275667726966
0.2277394325348776
0.16120765281674607
0.13336629935111813
0.1313412236562255
0.13838582310415182
0.28221740061673445
0.12648540982342502
0.17539272141889758
0.13522325522028197
0.1567257123506355
0.1759928978006625
0.20791560139819107
0.1735020022220612
0.22264085017159976
0.114758950217802
0.14359146719251176
0.14290054333772167
0.15459504673946822
0.08031761591830827
0.09885398311322194
0.27575640965070847
0.1013592472949697
0.24746926551377935
0.1960410616630224
0.2425159418494055
0.1775659955933901
0.1896245549984143
0.17559984925233071
0.14478916768846758
0.14840362967724813
0.14213879952720382
0.06548872192851582
0.2942322629997306
0.10217067350849948
0.22306904035485414
0.1552418614780908
0.206060183970822
0.10050910833144774
0.1120637033752219
0.18118262672464133
0.2730290369520718
0.11975670137390318
0.21196262815976963
0.13326709719402008
0.13056769183347508
0.13189642659455306
0.06960307001325158
0.10462325035892292
0.18116061104420253
0.043597085663252155
0.15708510079648355
0.16452621229085634
0.2097439515876154
0.20757537326780404
0.1507718906937056
0.12769633672382094
0.13106469795267103
0.17397847530416288
0.10733026805383741
0.22227314395790074
0.19167471746229184
0.21685620589307725
0.16345141719484463
0.16588410601402814
0.15169642429233912
0.16523954900523893
0.19228404958237655
0.12584391246245866
0.1046455770986611
0.15125095833921862
0.17929942867605336
0.1528377247215512
0.08756768264198764
0.11179470607616734
0.12229432356318085
0.22476672671306866
0.1596674722414009
0.04867726547744958
0.13150639495729413
0.2077610409092432
0.09989363202417942
0.13736251497564092
0.14516083811947267
0.16368253805606153
0.23120160653045263
0.14960525631287377
0.18672978995110662
0.12113087215572033
0.1973195619084264
0.1266970255430093
0.08632036219111147
0.09190860125582431
0.10064618197882352
0.12108818543101582
0.16032704271280224
0.06947503333538976
0.07390601400197996
0.20048045674951026
0.155334824879456
0.19682327519651585
0.12411531270703932
0.1574942451490725
0.16071268411016712
0.1870089986676446
0.08976818848004717
0.14667213489648362
0.10898561039346807
0.2595087472695669
0.20771665265070258
0.1925812979543652
0.12033514991536906
0.18396325622207438
0.11336479884365233
0.1979725031223534
0.17583272479512796
0.09557273018991491
0.1965222886318275
0.3114680719098969
0.14778620260605
0.1871473051583606
0.15082911036996113
0.10277679952657101
0.10097570698760924
0.12588137281334552
0.07070374948381697
0.1507811342530528
0.13472397300220446
0.25293872848694116
0.0873815310998611
0.17526294375941887
0.16042339469841035
0.1665435107370413
0.11252407998070527
0.056228692702621014
0.17400989153259716
0.0941480048154546
0.16518519035378934
0.09155187534956158
0.14316846520387003
0.0935248246822343
0.16331362224326731
0.10228238897658223
0.187199518588782
0.20285844064208114
0.20275270150705835
0.11855362603239858
0.14424039650212248
0.33031189401318983
0.22853315920382822
0.10732684192730005
0.18828114836531415
0.09658734350798678
0.17227727008720703
0.2298540915436313
0.18091697257066164
0.09630625606034043
0.12666062401470418
0.16696105529544375
0.18475802925816398
0.19974592932742477
0.17928361656726854
0.10307649696268958
0.2552168511426831
0.1689193161343996
0.17866192144408274
0.1625956575895426
0.10305469424333832
0.25188695861499455
0.062672978611552
0.2144090525033645
0.19412980843889757
0.1959893898761411
0.1377287135572912
0.11157846534186192
0.12515759567228998
0.2249905335387219
0.09342568721729902
0.15901748954911618
0.16003704558793572
0.15017813454470616
0.3010870885085331
0.20486102114299953
0.16987723623070622
0.15823251029213609
0.14360153990641403
0.24782385587004693
0.17499311986300684
0.1670255779067317
0.19822491518800286
0.1415795875924617
0.20374899610598002
0.14726719360281337
0.15452645478611035
0.24040432574615717
0.14802007932083214
0.19361597056191804
0.1303118994390505
0.23585591226498875
0.14826917917150056
0.08908835303913842
0.19416457115403876
0.18621653585714038
0.08017524048668653
0.13320782501209358
0.18794205886927137
0.10806935273104376
0.17439755096074433
0.12733663051837898
0.15511279214445922
0.11715846938003457
0.15669479565160235
0.1695148530738641
0.2028935503164373
0.12083888116637898
0.2898531776159651
0.2027324503500232
0.1667231722881177
0.027435085978190943
0.17370611778063672
0.2127707266074683
0.21443932551705291
0.22135798529711956
0.22706191857421046
0.06630455879094263
0.1326338880768963
0.14902899657479732
0.09678264672163608
0.12721228578600277
0.23978710606101564
0.2656875376357685
0.08496010089399877
0.06664790381056843
0.13828333435040827
0.14200389307470845
0.1519784632083675
0.10398236696327953
0.15750679777435508
0.19503786995712616
0.13353575468313159
0.06760242750015297
0.14186078929025583
0.15465904544686607
0.18805724164429138
0.10112710388289539
0.18578002278196798
0.07010133864487586
0.2438702282384799
0.11141039421769502
0.13785278432691522
0.18260226510748792
0.15858052979585843
0.15206354289773583
0.1151393028980113
0.0925352247665586
0.1400405690108527
0.17182077890321287
0.20007388362433373
0.15385775128590548
0.13421895390095806
0.1690481544194948
0.1625117908881035
0.19552856460980453
0.15835603723511388
0.1043220959249341
0.13639290083139455
0.14781046340686532
0.06473707378001234
0.08772574404361907
0.04157005770478464
0.17833496873744728
0.1959133278316596
0.164983784839036
0.14282392290461707
0.13732899380296898
0.152756163838702
0.14031202754629582
0.06821930386756606
0.16379228885801075
0.17475903472225776
0.11069693337876657
0.1196561850049524
0.12225509249615277
0.19631578639052435
0.14127398005206113
0.23542314234964126
0.11421702983308407
0.11656132517019671
0.09919962843021832
0.1535750655688369
0.13086548290534455
0.2837114201272009
0.13613007577495
0.17983105431585944
0.1734368252223034
0.08726509530009283
0.08918102007629622
0.09648861859018606
0.12410159864242201
0.0660299023001453
0.1646416862906709
0.08109862100477663
0.1290519759574096
0.19989234903105926
0.1634859989068592
0.16916420701215615
0.13794180697323288
0.1737199398690468
0.07680402101232672
0.13653443394610715
0.2197671402735912
0.16002849507998426
0.09610828428776816
0.1948700534432122
0.13116878148432662
0.16207244849329908
0.14555923295862902
0.16863377308275262
0.17357770784894083
0.1328357681640131
0.14002344291606758
0.2653899542986729
0.11865525533073182
0.055865892872173445
0.09297160668075663
0.09942234177816686
0.1522940234683637
0.17768661519417622
0.1192755515938542
0.1754519069142961
0.09398313428547575
0.17065554964918708
0.15576540779630177
0.19066249336892652
0.13306490475120267
0.22639516813344757
0.14161769256261145
0.12737490958247463
0.17665110452164093
0.09351128121104993
0.15010232363509196
0.06635235082008781
0.14934423126239935
0.18520941812306121
0.14217548692788723
0.2980864538252057
0.0993841252743258
0.17446675096316508
0.20075172060667673
0.1743932422102851
0.058044529538332806
0.08929338370590131
0.1295250402098724
0.0842764495129624
0.06633407734057539
0.05739211921909296
0.17518974292312503
0.13125054568408542
0.09861167566598991
0.2306008465113068
0.21285329017732826
0.19869027812041717
0.15208735504932275
0.09842890934460144
0.20359339821559982
0.23022130181858572
0.001980106079229299
0.14010643357262534
0.16983870577997057
0.16097114865873943
0.17127411060918152
0.17432888020496576
0.1704659450171417
0.1433350833492101
0.1299336209341778
0.2102520477030523
0.18785753909346933
0.11289950210899137
0.1518159602731332
0.18388233745940963
0.148123533029059
0.21083027079006164
0.14655558089904333
0.1904406468095903
0.15802960759579363
0.0858876919858472
0.24340650745363795
0.05650245459470929
0.13449686890155518
0.12746955867735288
0.17980362135719677
0.10920938066254908
0.19698583922431664
0.1572788556566641
0.18069022689610492
0.1391007426640084
0.0661716723260258
0.14730014847822848
0.18763303166371226
0.16485567195248732
0.11664468040997264
0.11330708400997133
0.13619956859101073
0.14204910583381525
0.2615584919593872
0.08297487790279631
0.0949924526582149
0.17726779291109188
0.16918422698073388
0.13765006174485975
0.19339292516299472
0.1819281104072295
0.11239673500895983
0.14294982740277964
0.08310987823301016
0.18715552448664696
0.14114711961256374
0.22948729537609244
0.12836342521379074
0.06814166974863098
0.06591735689189412
0.1785201907444056
0.1483562509993527
0.1685459318993003
0.16244379718919685
0.10268372513316679
0.23496622950671658
0.10046678844239207
0.10484396083968892
0.15278944318491636
0.1352586000553557
0.11027717515226151
0.13865349806581004
0.15009314574552998
0.1329938986023341
0.13194497959672813
0.13875605295669488
0.19743524045455413
0.006228045414958749
0.16537826985240722
0.12082626693832105
0.030436702421085343
0.17100555444310453
0.15652941353881905
0.16736750076628637
0.2003285946917108
0.19016923732189156
0.1802366749045514
0.1206609011571545
0.06107655212063548
0.11076672604538693
0.1760211884043544
0.08424710363725085
0.1961873488184169
0.22826237038814096
0.1288187253953191
0.14072041179388875
0.3351439357984386
0.24306062027395162
0.16845375177705743
0.09355480220119217
0.13785232087527696
0.19199855516814954
0.22270916925620934
0.06036004994434832
0.285050518718297
0.16585552107111284
0.1192424229326687
0.221892268644129
0.18595707555363564
0.18520693716545664
0.15349789356561402
0.25971587133895135
0.07938561298444544
0.1260166588252298
0.076159576884518
0.1715355905346024
0.1716217113368014
0.19318599946500228
0.1748434844236169
0.16552494355661015
0.1608765395171984
0.09096622506644897
0.08500155287770081
0.14018195855334284
0.1956010028494527
0.09822614711929636
0.25740438490125506
0.1880416704252034
0.16322437329665915
0.1896764414582378
0.20809582347773448
0.14521159760868238
0.13766708041937462
0.09073381886918
0.21765984667431193
0.20102099578051166
0.23287626051439084
0.1631371199339243
0.13398652258224042
0.08897288675362766
0.12028894387748443
0.24858533895938975
0.1654510749220481
0.07047415049469966
0.2386232645805921
0.07360718078214365
0.13244114207130872
0.17910610450490935
0.12166898407075896
0.12159725732756962
0.3344260028774122
0.17977714256568106
0.14633256905993042
0.24081665827834356
0.14271852963072434
0.156505470028369
0.12907910756124483
0.15588923973222377
0.23282817692757937
0.10281790599293636
0.15434035247418051
0.08139221872942495
0.17457278094313675
0.035396891638647204
0.2949947344653243
0.19884422896286189
0.18765054175022397
0.19006232210743138
0.1220221477635059
0.13213566004646168
0.2406791978840253
0.11847206461918822
0.1157915027698194
0.19971468167464732
0.07752798577300782
0.07605368087647751
0.11188917380060276
0.07587379149128784
0.16613199033285905
0.0954495370134111
0.1369025400839542
0.17735136781524227
